-7.993605777301127e-13
-1.7053025658242404e-13
-1.1368694523571288e-13
1.9895196601282805e-13
2.2737354048508762e-13
176.75011177618535
180.0687151397712
180.88092099329
181.5931513947731
181.85532575976885
182.06957975724816
182.41030136591695
182.6404413332092
182.86630684570025
182.95551210372057
183.0628303764923
183.2993565467933
183.5648228567597
183.7256414956881
183.73186378853478
183.95936943191117
184.00816615853762
184.1263424370541
184.39128202723015
184.82719161797164
184.85125169945164
184.91285558362543
185.04560468844528
185.21180561462643
185.28553731906166
185.33074462175657
185.53865942204308
185.68912405500205
185.80416831919354
185.92844386537138
186.09645387518523
186.10448636751426
186.4033883530456
186.46164923648482
186.46729028773981
186.48908808343637
186.52781449797945
186.56748594469386
186.84428040789416
186.9538013506008
186.9989307613871
187.01089508374054
187.05636691627478
187.06262029275075
187.10824346380116
187.22220032076717
187.24490600770926
187.34702197857413
187.35788245143826
187.42511528656345
187.53498546366347
187.5431740077972
187.57454134656496
187.73711634199293
187.73832362666352
187.81340189476003
187.8960877423707
187.91787651677416
187.9416813354354
188.059287038919
188.1292639627944
188.15834517330302
188.19027598830488
188.19716776515895
188.2061375050801
188.38650463990197
188.45453088220088
188.50639561022604
188.56596590608302
188.6042111404637
188.6749110656248
188.72249224641547
188.75968846112818
188.78165820531672
188.8461205894906
188.8483399547433
188.9336714967387
188.94047201121384
189.00836946528497
189.03278474925426
189.09175130224855
189.11122385997544
189.26280652323334
189.2818304365207
189.2995373125517
189.3547305212955
189.35955342966943
189.4212688202046
189.42184579755022
189.51414811788277
189.52998273587576
189.6092009618791
189.63424912612845
189.63440946140267
189.74804715792726
189.78529845736207
189.78666418825784
189.8016691558502
189.8474859451047
189.85766049443706
189.90022484596702
189.92957774469355
190.01567634199688
190.06360361213868
190.08404055272757
190.12891011198442
190.133730754231
190.14389169181902
190.16460272541204
190.2063195544181
190.31798940110673
190.35139109091142
190.37016810288586
190.38279217041338
190.39077713706965
190.3964615835331
190.40848838736196
190.45054625003212
190.48183227007328
190.48908123900114
190.58802068867178
190.60379040150346
190.6126140967253
190.66140702245303
190.6800239340179
190.70088852047442
190.7029801565802
190.75003256878526
190.8031727296194
190.80797884692208
190.8611073952182
190.86754208352053
190.9029754836149
190.95791838661054
190.99726567831536
191.0267138452935
191.04058192150978
191.06562659485417
191.11251838802656
191.16145450662424
191.1614862931083
191.19509396554378
191.27951122673
191.2837780142086
191.28966962900844
191.30036933455685
191.32911025800536
191.34636020441994
191.3886028167147
191.3930746959393
191.4168278402185
191.45265791982678
191.50820551111246
191.51301621216248
191.51778884608507
191.5891636798207
191.61088943341377
191.61499190055682
191.69073311545947
191.70989639107364
191.72774085774495
191.7414605028855
191.77941426162192
191.78864955028365
191.8111221835383
191.83128156163335
191.84629168153015
191.88715219002816
191.91224723103082
191.9253468367178
191.97320562479766
191.99605627603782
192.03773394926282
192.05285774413005
192.14023264901175
192.14863662956364
192.16762118848305
192.19889237604946
192.20070270010868
192.2025542720979
192.25117104856722
192.2608210497534
192.2639395029429
192.27685342835963
192.29264065560994
192.33630597636082
192.3620279803693
192.36407224128524
192.408380067607
192.4272952216107
192.4346467178383
192.45804575801958
192.46657320916825
192.47739308011907
192.50689747298952
192.55979921585467
192.57098496017164
192.58086842955336
192.65768877932194
192.66093934966707
192.70768902440628
192.71576918111654
192.72845711704855
192.74511115572523
192.7636102736302
192.7656890332666
192.78113549133843
192.7824234408165
192.79550178148133
192.7970491171744
192.89842408631367
192.93037463587407
192.95963608427212
192.97096670376902
192.99006739351785
193.0100411292286
193.09832773218352
193.09944131897157
193.11482449269263
193.15320967615966
193.19143929720184
193.249367678744
193.2599254037499
193.26182542116308
193.28965419302705
193.2897433053358
193.2934624378205
193.34130413077753
193.3413967554787
193.39557686896774
193.40335851383716
193.41945242801745
193.4298553998324
193.43056778140848
193.44376785973395
193.460841401662
193.4897145619032
193.507604574592
193.54615030858486
193.5638772317659
193.5883669639388
193.60945979244093
193.62846762080477
193.63887564048716
193.67420912672927
193.68038004266037
193.68930941224443
193.72281629292561
193.7284122021947
193.76264235397323
193.80735366249513
193.81349563850853
193.87530421287954
193.921897291246
193.92631436250753
193.93521305345652
193.9933893224925
193.9945899002404
194.01193127127885
194.01941042592438
194.03884335890405
194.0676819107301
194.08023835149243
194.0927519825577
194.10355067651125
194.16853381864064
194.18156481814262
194.18244939671354
194.21098829852755
194.25770744713805
194.28411537963518
194.30016643336677
194.30899571363736
194.33245552113738
194.3329341303277
194.38316123998166
194.40959101047457
194.43421399592864
194.4714601303438
194.47789117183504
194.4832119079992
194.50281420779908
194.50463428270527
194.5320537178842
194.53835154190568
194.55638847240675
194.56837754369
194.5897732479777
194.60360857678174
194.6484333093892
194.6663311424821
194.73160234973102
194.73458637067893
194.74942270261548
194.7614662829487
194.776422473495
194.8044629754346
194.80660311974611
194.81465259755606
194.8311414599135
194.88196460616217
194.91433427479805
194.943048783232
194.94494500671667
194.9644435677486
194.9860589180626
194.99563532682475
195.00192052128614
195.0372930763903
195.04982798591894
195.06178136809862
195.11625302492664
195.11641463289067
195.1219980553147
195.1597830024825
195.17307262551432
195.181207449675
195.18802370089946
195.22004554690494
195.22027326416762
195.22814101883108
195.2620408704795
195.27776731857634
195.30138378311045
195.30792014204437
195.3668544774876
195.38448951575302
195.39540580366753
195.40015186132513
195.41657698688584
195.43640223158906
195.44222807525696
195.482909195485
195.50186961337144
195.53343338771288
195.5351745559126
195.53744388092463
195.54989397182317
195.55070924440656
195.5807893446757
195.58658622037987
195.6068886294635
195.65954871823348
195.67576695094095
195.67602166122188
195.68597744200883
195.71742529379208
195.7328249554622
195.73498051638356
195.75979920283038
195.7744403722619
195.79478238737605
195.7956299046413
195.83420013559578
195.8507000281779
195.85846091121496
195.9257346467454
195.94449337264282
195.9711831024415
195.98929730016388
196.0130157384137
196.01901355642627
196.05557648501022
196.06533380314053
196.0688450481094
196.0763014447651
196.08181271023372
196.09199209853054
196.1353434867584
196.14332189971802
196.1519373030988
196.1522713981475
196.17836193773084
196.1808768327293
196.1897170734965
196.22163158180902
196.2528722360847
196.25886262430618
196.30549975584327
196.33047364830028
196.3469566827604
196.3545201004261
196.37141583223107
196.4074040589753
196.43392017381277
196.4642551962631
196.46623262290495
196.47038781794024
196.47522098795955
196.51740175357907
196.5278750372087
196.5305970587398
196.5404160579647
196.5705236269141
196.59628040536634
196.60442441682736
196.60697179343626
196.6277226831225
196.63389589223547
196.6484698921805
196.6532800461538
196.68694296737033
196.71174349460995
196.7145681378639
196.77793061313824
196.77808660391818
196.79849070321626
196.80008190232053
196.80718019419547
196.83563469717285
196.84437121382274
196.87524969202485
196.88888020513392
196.90825185126744
196.9521022893502
196.95862321429505
196.98048150268477
196.98071576341124
197.0029995685787
197.01454270358053
197.02581053740965
197.04097905360143
197.05027344673874
197.06371633729344
197.09014330014065
197.0946163534259
197.1100670645843
197.1231576176809
197.1355120246039
197.19398482654208
197.2091748878191
197.22157741181698
197.22245621719904
197.25786201160253
197.2615231775601
197.27264873704257
197.29418350511688
197.2945952701956
197.31573952450526
197.32722211900858
197.3368183734373
197.3475603764549
197.35200475669564
197.38149824497938
197.3928086219765
197.42405935317657
197.4259219697818
197.43118383817395
197.4735916073486
197.52068125417009
197.52221749410342
197.52574724066776
197.5401479864821
197.55070444556048
197.56069119278985
197.5848237658794
197.59193372553676
197.6326626965505
197.65700802962678
197.66704055376172
197.6770915907103
197.68354783106744
197.68437495843176
197.74815039114077
197.76251669208742
197.77672045902824
197.78470775965647
197.80858864864595
197.81446629750448
197.81922610947296
197.82593772022707
197.8368534744102
197.85064480302202
197.8601644681637
197.8674280596098
197.87056262645302
197.87797767897277
197.9119657216489
197.91832454585114
197.91963657302966
197.93792093456483
197.97837644366652
197.97864029302787
197.9909504315677
198.00926501450058
198.03914314249639
198.04283948140352
198.04487201801646
198.06525869303113
198.0873337397136
198.09145550878094
198.10028727995638
198.14971625093293
198.17461124100234
198.18966261968922
198.1948496033339
198.20082020782223
198.23464510465018
198.27115779693068
198.27138352615262
198.2912505577813
198.30426311751702
198.32197242330184
198.3239192748814
198.32696025382393
198.3613195601489
198.3669443036959
198.3860989862748
198.3956446445536
198.40875623272393
198.4318697340225
198.4352278960837
198.43585609670876
198.45723413856152
198.49118272823281
198.50563918921475
198.5095757208978
198.53351764096212
198.53365493474098
198.5573459895874
198.60508746270472
198.61901166731806
198.64201986245598
198.645123299356
198.66452706335758
198.6656750644302
198.67365505148527
198.69809261157872
198.70327022229125
198.70971404062473
198.73134769129393
198.7463197745333
198.77406955380187
198.7803573317416
198.80784978840745
198.81806113463642
198.8421393203879
198.84515731398378
198.85362478761613
198.8554667316503
198.85675877942953
198.88430654519607
198.91632123200512
198.92623765811587
198.94407094401222
198.9546739170719
198.9587057112709
198.97342829104429
199.01075828137454
199.01122114952992
199.01196580351734
199.01546869587762
199.0293967826088
199.046915103751
199.07180244973046
199.08751473124877
199.0919423420317
199.0935400759426
199.10464956714762
199.1125107417412
199.12755039399107
199.17946833804655
199.19088941438005
199.19749298616597
199.2281679755261
199.30770186992268
199.30994635364777
199.31654320229143
199.34469718967244
199.37177488455302
199.38288448980342
199.38644523375234
199.38833130029664
199.3971576759216
199.40389397920075
199.41709746996492
199.42714364994453
199.430104732586
199.4584015087378
199.47703567364707
199.47736155553497
199.49570252927052
199.5239984254582
199.55085231322644
199.56407846107479
199.57028273867945
199.57081056084624
199.5729769262954
199.60694588896962
199.61154083950439
199.62195036354098
199.63189897238382
199.64374222159992
199.64595793520374
199.66339963958472
199.70164399409234
199.71557112081626
199.7159835625464
199.71909917310387
199.72749192617928
199.7434726667932
199.7572292022382
199.78065752280276
199.7951915569684
199.84032204814932
199.84232479701373
199.86310568234921
199.86903144276718
199.8776806898311
199.8792481471687
199.8854057428357
199.90131329000295
199.90713809555217
199.94138413025252
199.9587967631329
199.95954722618572
199.97468316069745
199.9836457164037
199.99268307734988
199.99758617591604
200.03002014333867
200.03860028580243
200.0609261350411
200.06236189376926
200.07900479354225
200.10190615164782
200.1165743854787
200.13618116602137
200.14762604036972
200.15500133137277
200.19095723159663
200.20057034951392
200.2067110002144
200.2414435525299
200.2489111313546
200.2594726285999
200.26769404814726
200.2700522633124
200.28435817763335
200.30447665519853
200.31010125661638
200.33866136380522
200.35308060007708
200.35374343100455
200.36300381691382
200.37308219827517
200.41369125206617
200.44028724249293
200.4421647095687
200.44233500828045
200.45858986315986
200.4619572125768
200.48584029307136
200.48849927268742
200.4910817103143
200.5148038619089
200.52187497599985
200.54679184888803
200.54819827043926
200.56250774113985
200.57192353700682
200.5807589914937
200.58473281537806
200.6252104725451
200.62838548730645
200.63300396697835
200.6469587676653
200.6556776845485
200.66694219762982
200.67614551628702
200.70701758129167
200.7289290102469
200.7527942256686
200.77053418234158
200.77553968310977
200.77706196562585
200.7828021380902
200.80165334262074
200.82054690803878
200.82270774378858
200.84253337007408
200.84466562303157
200.87075375374533
200.8872823318739
200.91565634741667
200.92439527143821
200.93710621151524
200.9521859039678
200.95693954411493
200.96264996985437
200.97604330464478
201.00447045100668
201.0200210097461
201.0242956362539
201.06391401109292
201.06517874834418
201.06573519378716
201.07588831298364
201.09718787772948
201.1031442577915
201.11124371837067
201.12334337305558
201.13189707136405
201.1357703415773
201.14355614778307
201.16203546987109
201.17806371524054
201.18043750272392
201.183310811265
201.20662031798844
201.22633647908557
201.23580744073263
201.2392742058738
201.25392237141716
201.27512143880858
201.2848252324192
201.29994839082264
201.30452137327984
201.35018528521292
201.35270087025629
201.35974022208768
201.36158575375333
201.40716625837655
201.42108953512786
201.4472892906969
201.45082469198016
201.460623802691
201.46761760866184
201.477369384292
201.48670371440596
201.52114015844307
201.53815680220032
201.5652548503337
201.56525495211488
201.56833824987763
201.58204431392747
201.61141409959566
201.62859915528514
201.6451680117563
201.6505517378035
201.6525120309374
201.66352167783526
201.67378010083291
201.68265622839397
201.72332113397923
201.726541980816
201.7281005555292
201.75707128019548
201.7729582102106
201.78610643534105
201.7875993426504
201.80160119955906
201.80782725748736
201.83033719565745
201.86123312491895
201.87059590775814
201.87166499408525
201.87544989451578
201.90432653559805
201.9265165884141
201.9481947444078
201.95729239488347
201.98274065608416
201.98293478746837
201.98642181234024
202.03394560869998
202.03910052801166
202.05079037276806
202.05853198473696
202.06624346185095
202.07012398831733
202.07401273601593
202.09328962584232
202.10190186616396
202.13295670618115
202.1392591282976
202.140759062282
202.15299575960765
202.17053454651338
202.1777449781462
202.18959455562054
202.21227897829633
202.2139243145628
202.22138969375678
202.2236831255828
202.23976480543058
202.24252932984578
202.26336798327765
202.2696148343601
202.27274574592292
202.2945858515766
202.2969423695038
202.34488890505492
202.36148098564476
202.3624855057659
202.36600396039535
202.38369126751357
202.38791391887236
202.41421800405902
202.41715291431748
202.45106405277514
202.45491940442284
202.477542404958
202.48218794045857
202.48477057999057
202.500125628514
202.50577425386408
202.51263937289227
202.54921870062137
202.5495085605316
202.5500384152773
202.5544827852608
202.56541239089194
202.57726755705687
202.58910896660743
202.60327590758587
202.61398983226562
202.6621623108763
202.66636662580675
202.6775027625479
202.68513752850748
202.69330577254232
202.7230621948323
202.7276904608667
202.74078460518908
202.7562461989037
202.76434409653578
202.76536579280773
202.79692717430842
202.8031497512503
202.81147525519043
202.82538827365224
202.8310247592854
202.86846350663527
202.8730817269769
202.88728768305035
202.8956597703379
202.90091616492126
202.91187356220266
202.9206023770159
202.953551509139
202.96206347024687
202.96533301902033
202.98050257289293
202.98932729230916
203.00594195750156
203.0103154115449
203.06540615013512
203.06603795395722
203.06819611683707
203.09360488810677
203.1024042998041
203.106355960553
203.10988172887997
203.12721525982002
203.13355241635935
203.13780077983145
203.1504961632763
203.18277430526365
203.2012215521564
203.2128186410358
203.23224519864507
203.25887399274822
203.2658837027333
203.28444607848175
203.29625531576576
203.3028515352638
203.30436824179708
203.32038299137176
203.3344270101769
203.3488742332112
203.34969899912286
203.359349676714
203.37405325583137
203.38669032385798
203.38732620803236
203.39146944912525
203.39544517505314
203.43783099432383
203.46021871772075
203.46380914914428
203.4955243233888
203.49662697704898
203.51594215863946
203.52157344822677
203.52500198280597
203.5275115124114
203.55186241234725
203.5531949112123
203.55529903644322
203.56086583737763
203.56524888416888
203.59418681428232
203.60219984451737
203.60642863425534
203.6219850837683
203.6367886873374
203.64345829787297
203.67024867074335
203.70865630452806
203.71006607170978
203.71788093087244
203.72846417866413
203.74130912529188
203.76267409851192
203.77215994766775
203.80999151443086
203.81224312716387
203.8361731799691
203.83938635108098
203.85783272692257
203.87954389488053
203.88749002721468
203.88919143042594
203.89312588628414
203.89357748077205
203.90765179774036
203.91139789446513
203.9314441370462
203.95110866814042
203.95881514760563
203.98619174108893
203.99519131891725
204.00699737179175
204.03728411888926
204.04668848822286
204.06227206454642
204.06234772621195
204.06894257917503
204.07820508851069
204.08922475572444
204.1089412676031
204.1122999625619
204.1272126702612
204.13858249903663
204.14874039465002
204.15694585383903
204.16738242705998
204.17470341914398
204.17739978969374
204.18922725554677
204.19049202791578
204.21404415759474
204.21957585875498
204.2232992942076
204.22967890301632
204.23591986272277
204.26478479920334
204.27987053558635
204.29420798951827
204.3060242203417
204.31819281147548
204.33437223403058
204.34954389712513
204.36520677033903
204.37590031870965
204.3929061329292
204.39528989117355
204.40111975576346
204.41346816201917
204.43105128257844
204.45355039727295
204.46308925002336
204.46360578545986
204.47782916209286
204.49774612882482
204.50041979886464
204.51593366038418
204.5223489396101
204.54091850797815
204.55809908143806
204.57419454966157
204.59957099398187
204.6054437930198
204.617913992309
204.63554116232078
204.64703828537543
204.69830018376283
204.69960030215876
204.72410443447168
204.73516040145262
204.74180449846273
204.74410510355412
204.76094860951022
204.77611624786172
204.77616082013807
204.7947090344036
204.81624457660402
204.81647992458494
204.8288908258841
204.8290799935414
204.8445445306457
204.85328610864633
204.88443518936842
204.89821375369328
204.90211578047854
204.9062632194314
204.9113876987595
204.9531269627409
204.95486745538201
204.97492255833117
204.98194399583716
204.98709037061792
205.0124683951814
205.02791697260412
205.04462122965907
205.05084061228985
205.06002224221606
205.0702412288983
205.08271263938036
205.10208010599595
205.10745866335364
205.1101523879489
205.11106488702939
205.13337342573192
205.1415008775203
205.15234410710744
205.16767506348017
205.16852206018763
205.22729136209875
205.23629657723671
205.2412935765634
205.25484948280365
205.25876692806872
205.2670198518317
205.27371967297796
205.2783792156854
205.29204872285217
205.3196922526345
205.32376183044616
205.33707933400973
205.34153184266026
205.3558100370879
205.36297844836434
205.37431525040265
205.38160154219858
205.3950709924675
205.40795459490712
205.41398580834743
205.41992090073978
205.43769423880346
205.44750739474225
205.4490866327061
205.46233280687727
205.4963582071571
205.49725944784907
205.49914749411872
205.51142166392998
205.51343109451858
205.51666657711985
205.5559428892064
205.56004077647768
205.56978296987003
205.59144798318727
205.59687786719326
205.6017379434353
205.61002165935633
205.62592190072422
205.63586256749474
205.65232525176057
205.6552883594931
205.65533073116666
205.70076004134904
205.70672249746877
205.71370471827882
205.71508928874763
205.71949778156622
205.72762888460406
205.74671960313285
205.75190634322271
205.75773488778793
205.76799449656676
205.7838637323677
205.80338765807213
205.8088700123557
205.82009610184073
205.84035780388865
205.88522377288308
205.90504443103626
205.9122602107766
205.91327591839874
205.93298911819605
205.93565928385735
205.95001790930746
205.95882621083513
205.987078214122
205.99825641234315
206.00042568387832
206.00983913739316
206.01711062314348
206.0235497802897
206.03035002890005
206.0352253065128
206.05072413817686
206.06520584749978
206.0653239005302
206.06692400157593
206.09365689806387
206.13230332983957
206.15416983331494
206.1621396377282
206.1621891643036
206.16550486397276
206.16744936590257
206.17645882899444
206.19891958784845
206.20631772272316
206.21563071862334
206.22646962985257
206.23356416918176
206.24593962391143
206.26058307263173
206.26111044522108
206.27560903960466
206.28329539735853
206.28589689796996
206.31991198467236
206.32442217118023
206.3306188594651
206.3366740724883
206.35581177450817
206.35673675211785
206.36043241118944
206.36407624642132
206.3923558384681
206.4105140685971
206.4155198241145
206.4177148104134
206.42907035877067
206.43157378805418
206.44081839275762
206.45916291811992
206.4797540518473
206.49558908546896
206.49569863934863
206.52302168195914
206.54098220212202
206.54834458944364
206.5513777808185
206.5622006235726
206.5731988300559
206.58608829293118
206.61798882625888
206.62359617815534
206.63527249575347
206.6492877994257
206.64932588240902
206.6551369397583
206.65660697648784
206.65865600525484
206.67015024827364
206.69149013104797
206.71942836207455
206.73525175488467
206.73887285050324
206.75965102210262
206.76611313790397
206.78096262007716
206.7820617585093
206.7952849915215
206.8096250650085
206.8196629367521
206.82027368236228
206.8415599006373
206.85900802100147
206.8671683781303
206.8763405242709
206.8805236135149
206.8911189828037
206.8940702423612
206.90703397185962
206.92178987544236
206.9598263664847
206.9723226827659
206.97615860112532
206.98134705104948
206.98596983571807
206.98632494635532
207.01400125716015
207.0242307659135
207.02857991156722
207.0325883383503
207.0585609591102
207.06801343653646
207.0721241901242
207.07251376336447
207.11800240551185
207.13097520724116
207.13374274694837
207.14280852598327
207.1482146494153
207.16006810316898
207.19545258179167
207.19770765077683
207.19874233512195
207.20203502081984
207.22280805576844
207.23420470472112
207.23976327770384
207.24706431928956
207.26442796197506
207.27708671675194
207.28228277228314
207.29896051489192
207.31309168604028
207.32525543990258
207.33474598500578
207.3518679499357
207.3635709380786
207.3641308894414
207.37862042867454
207.40062006387933
207.4178546165854
207.4192561166879
207.43031758166813
207.45418384624062
207.46736233368767
207.46786774050818
207.4966214438049
207.51431368406264
207.53510699635683
207.55497417303891
207.5601821227914
207.56804448949632
207.57766879756517
207.59026333017053
207.5943715654392
207.5952699824887
207.59640708365353
207.6186071270284
207.62966161331505
207.64507982838734
207.67145529039826
207.67215982495244
207.68502588367076
207.69228813740276
207.70335523272888
207.71533116709296
207.7359344593089
207.74049369599155
207.74157380793793
207.7501598772497
207.7534054999895
207.7599174051567
207.77187601577043
207.8013731268469
207.80168567325404
207.80688584637014
207.8520394201121
207.8583423239824
207.87300272373076
207.8735601557473
207.87642708560415
207.87859072331023
207.8847664947566
207.8990982403755
207.91174980826472
207.92868765814978
207.9289643234322
207.9415858542302
207.94350850273753
207.9496686965679
207.95092458540492
207.97331073632432
208.00215101497662
208.00442242907602
208.00898517764375
208.0128460727166
208.04433921669383
208.06332122920116
208.07128803478548
208.07727669299882
208.08235878321935
208.0939542598596
208.1208673644271
208.13463660520407
208.1402976368815
208.15011288179377
208.15818295026727
208.16205700261784
208.17699687799202
208.19519145326757
208.20425897187
208.20678578443383
208.21808615933952
208.2286074266566
208.23743020549855
208.25750857048604
208.25824159612444
208.2647792903431
208.2834582004941
208.29465687085155
208.3153043603292
208.32262128958484
208.3383528203454
208.33858327764827
208.34289358436436
208.36487388038614
208.38616576726295
208.398708314218
208.40125076559323
208.414025472427
208.4366616412992
208.45209393753453
208.45565279810634
208.45707698584485
208.45826613421744
208.49650203864627
208.53066357506916
208.5320023908399
208.53665044946604
208.54206207313553
208.54351905838
208.55973807742848
208.56519526141122
208.5729014499608
208.59255209069528
208.61850678964672
208.6305812831325
208.64207775802566
208.64806234605732
208.65023373573334
208.65076917015344
208.6534371160866
208.67119148778525
208.69069976590052
208.69261900931497
208.70812270797586
208.73114943165837
208.73735418739332
208.74487783632043
208.76254946302717
208.78147443975448
208.7867566911785
208.7876741409757
208.80506882060425
208.8110780993598
208.82106078836662
208.82553119358113
208.84518380939588
208.8466896637798
208.8467676610728
208.8489946825644
208.8894173243177
208.90587310107972
208.92483652790523
208.9270446548327
208.93043840838948
208.9394845884318
208.96653101117232
208.97851822958174
209.00068637505845
209.00849248026603
209.00887617554326
209.0132232177902
209.02753886574342
209.04309266037012
209.04646414138213
209.04697476910076
209.050645097591
209.0537197525888
209.07829158583502
209.08717016487626
209.09142801066324
209.09351580121984
209.11281912346445
209.14363232279314
209.16821308762036
209.18346782214024
209.18693309347
209.19003402001667
209.19790294097527
209.20708266877395
209.21040472529253
209.2273772812159
209.22784456833966
209.23784139846572
209.25909174368016
209.27386424417608
209.27868342333338
209.28750031293066
209.2936322660824
209.30609952371609
209.30778600133877
209.33475453784112
209.35225954983437
209.35462544187746
209.36514246288584
209.36666810536695
209.37165423895007
209.38509411017174
209.391779914119
209.40224427427557
209.42095549930335
209.42238264256727
209.42802238607223
209.45655375388387
209.4680801389204
209.47715701070945
209.48633137557817
209.48761636329414
209.4931428954997
209.52401301319492
209.53950492179723
209.55669109754763
209.56247696926582
209.5681478489017
209.57019287929083
209.58679738843492
209.6074009690262
209.61493578004416
209.619705283909
209.63124264257962
209.6496436764534
209.65343336042207
209.65731265391076
209.6598445276744
209.66485529621514
209.6702289536746
209.71333643014745
209.72308946519416
209.7289410420453
209.7591094490988
209.76014394017724
209.7742004873274
209.7886858801383
209.79111931729216
209.79415227856813
209.7995250462337
209.81753148974474
209.82313581934142
209.83270660804695
209.8429769543396
209.85598577234728
209.85877775795885
209.88992449025483
209.89972758351323
209.89979195402702
209.90709373011538
209.92258599791055
209.92338191998357
209.94046788669655
209.9658542382735
209.98637714250955
209.9980216689951
210.01413385662966
210.0227188710262
210.03643329215964
210.04503847918846
210.0475789024375
210.0499690362385
210.05041199885844
210.05590159294366
210.0751808136134
210.0904020758334
210.0945334221462
210.1001547400341
210.11140314790393
210.12859119677773
210.13084697754667
210.14754005304295
210.15124669111242
210.1730629050557
210.19052712069404
210.20556420255497
210.22889410906095
210.23200798087967
210.24845640507002
210.25270423746625
210.26016465822423
210.26250322815199
210.2852498360342
210.30779041291368
210.33220377402876
210.33746895123477
210.345435463729
210.37520217702382
210.37677683840855
210.38045887595075
210.3900836651704
210.39337728835076
210.39471681524338
210.3971790194013
210.4221464501443
210.42823447555946
210.43096679079662
210.44682473696983
210.45621478609652
210.4584089821476
210.49645502515966
210.49989925103674
210.50675862803226
210.52168965590465
210.54401064472123
210.54985640376836
210.5579527272445
210.5753356673374
210.58320846784184
210.58334846438024
210.61503082500673
210.61856031292547
210.63244165857523
210.6336404771046
210.63880228144316
210.63980525760633
210.6838839675894
210.68672811891264
210.70677793100182
210.71207325269543
210.73012763297854
210.73017019792843
210.7430891242747
210.76905158373216
210.78332731989082
210.78860127595996
210.79115160551876
210.81031799422914
210.82994758908313
210.8325832437535
210.83342671229158
210.84099899050221
210.84398542535226
210.85721729591094
210.869760368253
210.8704179688115
210.87808016233208
210.88684429335026
210.90327301401484
210.91834809546646
210.9214859829058
210.93153136242495
210.9520899283309
210.95840779787105
210.9658689861986
210.97386258297092
210.97485759171127
210.98106520872636
210.98933437322734
210.9924787804064
210.99251404493583
211.01719924422918
211.0340143500016
211.05031821953511
211.0622840017974
211.08435597564295
211.11855957021788
211.12260227316187
211.1300088121964
211.13071443789494
211.15982547775906
211.16290514948238
211.17324927965652
211.18326586607574
211.18615134966137
211.20678920744723
211.2077343430985
211.20939292028496
211.241874546772
211.2466763788129
211.2544764545634
211.28187485031705
211.29631903056833
211.29742438611984
211.2988912896878
211.31132725816988
211.32884032802417
211.33299411974468
211.3406510031067
211.37402973388504
211.38265331170612
211.38287633407327
211.39206171287907
211.41191615030786
211.41578973362928
211.42154006065962
211.44435804070122
211.46045380627962
211.4752202058331
211.47526748158046
211.4966702613186
211.51856556744437
211.54438479381648
211.54553385059572
211.54618815029852
211.55201257089243
211.56533797242972
211.5747103781573
211.5845530780137
211.59408412545739
211.59867438561267
211.60521190407366
211.6139760502106
211.62286515595466
211.6313771287599
211.65146805718004
211.65194525901757
211.6528993846367
211.65983414747208
211.69303151621705
211.70491226360068
211.71212051647535
211.7141071979019
211.7225129173062
211.72264532792005
211.7491431851892
211.7758561646771
211.79395203277815
211.80514265152854
211.80602831317447
211.80635595238167
211.81108149485354
211.83589920521854
211.8556984928486
211.86173756491482
211.8689769379297
211.88261991771645
211.88488912099004
211.8953082689214
211.9074692392924
211.91140992401915
211.9136322900846
211.9263479238469
211.92878285098033
211.9327532036469
211.9455881705645
211.95998715838638
211.96932481563886
212.00060149235154
212.00912787751352
212.01150582107
212.03446067199576
212.04417588534497
212.04699013963958
212.05329191929025
212.0786173784425
212.0861398903003
212.11059889073474
212.12801198176032
212.1315711453472
212.1316690428768
212.14513239482548
212.15057563768477
212.16105867652843
212.18366125113684
212.184634331432
212.19732593510017
212.2057044201318
212.20948784185836
212.22165784954183
212.2376440670141
212.24244862404382
212.27253248592456
212.27385128460048
212.27421042208982
212.27625637626352
212.28263972304603
212.2858286090149
212.2972565394376
212.3010316566744
212.3026460021106
212.34417381312824
212.3509351483512
212.35896123702864
212.4011328655072
212.40645189564873
212.413557489844
212.4183515194129
212.42113994785592
212.43844403174361
212.45170212174068
212.45320024780557
212.4557993253274
212.4593124022825
212.4626870393697
212.4853680495118
212.49471945394703
212.4962728180766
212.50639963508277
212.5090238152081
212.52059078158652
212.54260052735995
212.55800485534908
212.56561264370833
212.56596987529338
212.5976634206534
212.60227511358485
212.60325983763764
212.60423237769928
212.60823075514844
212.6212809643253
212.63578500974606
212.64023148644105
212.6571081974899
212.65927200304895
212.65934696907448
212.66865756471068
212.6758303377064
212.69150669865408
212.70060999142504
212.70410637390606
212.71390758334263
212.7474341222217
212.7476111157911
212.7776680772942
212.78437511571207
212.78812233866242
212.800047462596
212.80260586730222
212.81673917612937
212.8249411612737
212.83357851544199
212.85129928760017
212.85951111160378
212.8715639594121
212.87586382671924
212.89548606857636
212.89586321839377
212.89969952042097
212.90215406353366
212.93884832589634
212.9573906032064
212.963474701429
212.97316676818667
212.97736346689715
212.9884086201919
213.00015831139183
213.04024104740094
213.05710119104577
213.06078986944388
213.07923334942242
213.08225341779882
213.09123361747118
213.0924241664247
213.09290265557263
213.10797757376963
213.11699200078326
213.1220377386807
213.12587896578466
213.12888654373674
213.12938659078083
213.14431258515958
213.16800334829958
213.19532121839316
213.20409499050695
213.20486828416048
213.21815990411628
213.2192633417179
213.25283676855165
213.26758425635205
213.27507717899326
213.28763510359138
213.29097419328517
213.32705464115313
213.34314608006443
213.3465840748152
213.3522520881087
213.3527977956651
213.35763562591853
213.36182320510872
213.37583886499723
213.37877524738187
213.38139989676873
213.39793313918798
213.40304741244267
213.41632008444628
213.42258877343755
213.4281770624026
213.4346881601795
213.47026327196343
213.4791580847101
213.4858756894642
213.49421256322563
213.49642088297327
213.49709758948748
213.51245356195173
213.5196126527208
213.52560703286957
213.54171312442296
213.54186693849402
213.54448812044848
213.59254227780053
213.59267706085092
213.59882196420944
213.6142597825252
213.62541480535228
213.64764372195265
213.65347707244024
213.66196308413365
213.66245520220266
213.67003607538948
213.7058375144984
213.7073679853394
213.7098975440964
213.7304858565892
213.75520145373287
213.76498241577238
213.76827232711474
213.77061772305842
213.8141894474425
213.81810547910257
213.82207975311692
213.835222453415
213.83526008396285
213.8397471690666
213.8444187504465
213.85938477432956
213.86090824440842
213.86166011103165
213.88565612991033
213.88768442415372
213.91755235597617
213.92098695115374
213.92488001348514
213.9307483161646
213.94023691514397
213.9403522366528
213.94727309579372
213.95047142145722
213.95883877312323
213.96750798094422
213.97772809928523
213.99554061145932
214.016477640832
214.0190883593855
214.03135014160503
214.0328544994644
214.04177884738183
214.09335474365108
214.0944251990035
214.10026909544968
214.11934837640706
214.1296082659014
214.13168195058748
214.14036031008538
214.15157875042271
214.15560718863156
214.1587397380191
214.17752275512137
214.18767119372347
214.1888096245672
214.2141304843861
214.21906168501047
214.23009170781347
214.23139432580322
214.23897898731704
214.25900142636368
214.27888020198463
214.28559869321558
214.29247983822893
214.29258434361944
214.3122021096801
214.32880429872347
214.3329707663841
214.34274248041555
214.3446350451696
214.3489577987256
214.38502905140658
214.401307762764
214.40646585783085
214.4230365258091
214.42873418615955
214.45780125604028
214.46060693185623
214.46255889981404
214.46791141275054
214.47106115660358
214.47290876818244
214.47887364914638
214.49482470918852
214.5193213096716
214.52299198223542
214.53749476729377
214.54529556177616
214.56593939814357
214.57160340268754
214.57771479706182
214.59070869046013
214.60662897899923
214.60815085489304
214.6117778001718
214.6118574545957
214.62265337038747
214.63605100343128
214.66090319467742
214.66618864882093
214.67508511754733
214.68768284798168
214.69518101721076
214.69600701462312
214.70745111697417
214.71803892027063
214.73938261924962
214.74047676619318
214.75389424861675
214.77775262556906
214.78316657819428
214.79782230318523
214.82075951762747
214.82815958543787
214.84957309275524
214.85675724446824
214.86932833724592
214.87190788868293
214.87848106163176
214.87917455881873
214.88894084487848
214.89449575066962
214.92064092792728
214.9394476509745
214.9547391073896
214.9634487334626
214.98611029622597
214.98995226555044
215.003971178438
215.0092546736863
215.01026993138944
215.03402928444552
215.05685542102532
215.06005967122977
215.0661482719693
215.06885024089198
215.07178109746454
215.08535305433122
215.09149027216512
215.10120993623445
215.10425079730018
215.12533267620165
215.13442216272873
215.16677066233197
215.1668429026285
215.17456363473346
215.1946467170304
215.19953600664442
215.21364679347155
215.21903999563108
215.2217782278372
215.22345320141795
215.25535699786434
215.28012442043604
215.28018341494064
215.28195131066292
215.28949970851863
215.29404102645597
215.32341189256746
215.34378767415637
215.35215257821977
215.35594809368848
215.36682930477602
215.36841921388668
215.37439859837008
215.4096797032833
215.41639595901373
215.41971175635084
215.42439411748236
215.4317210892384
215.44865042879266
215.4685927942059
215.47286458746996
215.47483098578982
215.4843892585685
215.48541935892052
215.50684920267918
215.50685785661204
215.5090549566109
215.5334721612354
215.53518877879958
215.55178275970448
215.55882932531077
215.58107604171863
215.61618271150655
215.62721477640736
215.63445297839624
215.64317846665477
215.64560778631977
215.64835018818084
215.65061418174685
215.6629158342171
215.66559422227064
215.67810693570058
215.69542953932995
215.70209527538853
215.7026923632082
215.712514782324
215.72762339813477
215.73776165279548
215.77111579811208
215.77364897104326
215.77602298361333
215.77657218897076
215.79231742705338
215.79826294249634
215.79933761971483
215.80712525830486
215.81311292631867
215.81352022184137
215.82092187810946
215.84139105259976
215.84642424212484
215.84756546485463
215.8816528096498
215.90099680241025
215.90363071352488
215.9125850078241
215.91834497791834
215.9245844024685
215.929115975523
215.9347980933299
215.9698321495841
215.98871110681725
215.99103513178713
216.00612149904845
216.01472662958412
216.01633463680838
216.01984851442188
216.02906024181024
216.0373319044664
216.0399255195622
216.0479891618693
216.08219911962195
216.0927421233856
216.09591221499184
216.10271452869378
216.1145284418357
216.12730075589496
216.13074201027246
216.13977284521283
216.15814333935342
216.16352223102496
216.17045199078848
216.172580986087
216.19390176984598
216.19905567687582
216.20447771812127
216.2158967601954
216.22529744498823
216.2472046560908
216.25549090400128
216.2575227569491
216.26813728263133
216.27162640221448
216.28975883012006
216.30049283800636
216.30080596790526
216.30852520245656
216.31292947501206
216.32939181426266
216.3369237444929
216.34458348828628
216.35781003352503
216.37037897226466
216.3793965284771
216.4002231938346
216.40131426680549
216.4131253992172
216.43460238178693
216.4420215692084
216.4575743134029
216.4786345086658
216.4786397154593
216.48813924171677
216.49225101356498
216.5054077538803
216.51391924381812
216.55558408215853
216.57270356160993
216.58118530054435
216.58251479540888
216.59730650968294
216.61149319529397
216.62784385652483
216.64795723470297
216.64971986662158
216.6723059265873
216.67424448824337
216.68041092554782
216.6840536838514
216.68972614304306
216.69700197600827
216.72217808316586
216.72928803764154
216.74438422720178
216.7467723630439
216.74979140528959
216.7599939005083
216.76325572067455
216.7844199736668
216.7866160094311
216.78830299290172
216.79544117106795
216.80413795347968
216.85121573222267
216.85163893414037
216.88077460520813
216.88570143588385
216.88786227307995
216.89084666917668
216.9068727216938
216.9309566201437
216.93163115636776
216.96258464966544
216.97412859347506
216.97625028541438
216.98387968310467
216.9870629998624
216.99427208935293
216.99977800515023
217.00182039787109
217.02135220708652
217.0416732716505
217.05293835412976
217.0559331783702
217.06562069581997
217.07651536487822
217.09029403345988
217.09106725936968
217.12809318402566
217.13458677865052
217.13850445383855
217.15403868010446
217.15812717903287
217.17043827880374
217.1712756725131
217.1865207132642
217.19889204723344
217.20090098185514
217.20854717171432
217.2190290879795
217.2238558453944
217.22391371607523
217.23116451974587
217.28387276392306
217.29967676755658
217.31071432344015
217.32147251922254
217.32227338415362
217.32964288153752
217.35929691455226
217.36984820739585
217.371163966735
217.40223298882188
217.40298424830561
217.41154988348455
217.41517934333166
217.4196103401507
217.42170317598095
217.44125874148446
217.45313422347107
217.45789402654032
217.46403142825028
217.47392721324852
217.48257100151756
217.49075142119156
217.49154454471554
217.51741503227066
217.52808597652694
217.52835105669232
217.52878348253762
217.53210618111896
217.53990148515766
217.55964175713166
217.5757080563571
217.58550588324508
217.59090211615342
217.60219229564527
217.6230505909889
217.62721519134303
217.64887584334596
217.65061696419232
217.65956373654896
217.67796368965685
217.67859723149357
217.68461580760066
217.6956656083655
217.70147585077677
217.70528541871752
217.71458674550846
217.7192005814078
217.7257509946679
217.75066374675586
217.75526904772357
217.77224104943687
217.7778019147203
217.77805285601428
217.78529015507706
217.8084080857992
217.8167221723532
217.81909114453214
217.8253231274895
217.83837729081668
217.84638953890018
217.88784075298662
217.90696475902587
217.91737480925607
217.9220442442636
217.9322994015154
217.93247084197372
217.93493140180692
217.94287355424638
217.94505978708486
217.9776724358386
217.98951864315111
218.00358403490262
218.00666581720745
218.01930799548146
218.02536377829702
218.05104241909078
218.0530368549152
218.0726333799657
218.0801970972198
218.08450564491145
218.09073450548834
218.11272949386776
218.11466047802597
218.1310758273981
218.14188850981324
218.14450662647687
218.15887353855234
218.16891121226567
218.17756850314572
218.19855787709994
218.21866089561001
218.22612797309841
218.23491545360775
218.23966157734296
218.24219052415432
218.26979770101255
218.27265986650485
218.29603877003578
218.31866491066037
218.3188186525592
218.33459715994601
218.34166168437122
218.350518243499
218.36059298755268
218.36109306300645
218.36394993253626
218.3685993930465
218.3861989514475
218.40093256586485
218.40426010772234
218.41453532833657
218.41786389013393
218.42104478788897
218.42941333700486
218.43820413603152
218.4414476104489
218.47444431815836
218.47690055167996
218.5064033652667
218.51568413757067
218.53129861042336
218.5345458733049
218.55216215379204
218.55647133264154
218.55776717497045
218.5580850931597
218.585333641119
218.60016130606934
218.61345207416693
218.62230285798717
218.6252581050151
218.6326317632183
218.64293853803798
218.64820535319203
218.66097256644747
218.68911842051045
218.69062003712995
218.69581566234416
218.73422351965644
218.7382963105536
218.7424377042723
218.75531945174356
218.76221726586596
218.76806370778047
218.77762266234373
218.78610273899974
218.78695306120002
218.82000386447675
218.83540141637087
218.83688817891587
218.84328218408018
218.84880002248386
218.864300482524
218.8734474840853
218.87636058409586
218.8973483445603
218.90851198149173
218.93003432717705
218.9504809710923
218.95239102727393
218.95390195352485
218.9612206732063
218.97265923144133
218.98061948311548
218.98440548071335
219.00049471010772
219.01347686844494
219.01904696332304
219.0483573827354
219.05370313284135
219.05672088041527
219.05710566857383
219.06022085344568
219.08237742652852
219.09191339675903
219.10181819062637
219.10300599838195
219.1158604222711
219.11866630411052
219.12020284229777
219.13512674894417
219.16384401961554
219.16469799371825
219.1665656258695
219.18188259864542
219.19505324963453
219.19711004179737
219.23137611878946
219.23231578638686
219.23540035979707
219.25387988393808
219.25860304760755
219.28228589929415
219.2865388230083
219.29471636090616
219.30949574337362
219.32942207790444
219.33408592124715
219.33771272377882
219.343691988483
219.3648118978461
219.36859997803774
219.37128774819337
219.390636808208
219.3988512202552
219.41409103335576
219.41742962531134
219.42723365651645
219.46192155678628
219.4659168236127
219.46751575828932
219.472047257159
219.48840570655662
219.49020617485937
219.49819833452523
219.50403613151403
219.51501986984508
219.51618151869056
219.51647665169057
219.53275244168302
219.5410666369069
219.54136771030085
219.58044313132586
219.58071126780075
219.59711770945816
219.60467452426008
219.6158619011843
219.62793741849475
219.63401063828917
219.66324072282663
219.6679036616244
219.67782483389738
219.6857305231676
219.70266718811894
219.7049808091301
219.71893676544417
219.7538801429838
219.75868886709623
219.76663835433263
219.77910056791256
219.7939764376534
219.79786925066728
219.8087551131215
219.81093331337476
219.81833180261657
219.83280059576575
219.85091400590656
219.86879657946
219.87179009041378
219.87227616372493
219.89050501447448
219.90695339206374
219.91753168957086
219.93658160189173
219.95577322769836
219.95934198518506
219.97977076162647
219.9831268463557
219.99217345413558
220.0137539764825
220.0341678856603
220.03522131069911
220.0389728827915
220.0496678617908
220.0596588818924
220.06988538566807
220.07720725556425
220.0794700344891
220.08000201402032
220.10235672174926
220.10838206310265
220.11502433569314
220.1290601040777
220.1294317967685
220.1392900018225
220.1428346841342
220.15141249959242
220.1677489376399
220.1750539873529
220.19566278415053
220.20808427155552
220.22443510832485
220.2347499771688
220.24392946843093
220.25791795617627
220.26966689940537
220.27602211057763
220.27739409190818
220.28537519673367
220.30060151850947
220.31488780833675
220.32544968559168
220.3299517806639
220.3305333030536
220.33287414946096
220.33820791078423
220.3702363259974
220.37759250455653
220.37872945446912
220.38088228675883
220.39196119827577
220.39233598090533
220.39358974953157
220.40056865728144
220.40610080284435
220.4522922506034
220.45240196431521
220.45632135874828
220.46369603478286
220.47430639852945
220.49274326542928
220.50257860725208
220.5194469044734
220.52474323127984
220.5263428116699
220.52747832113124
220.53250973243277
220.53696510748355
220.54408758007344
220.56907659537998
220.61072424155302
220.61750469432215
220.62921976927254
220.63057982817222
220.6432301833413
220.66350748861626
220.6635519653718
220.6650380098533
220.67096096178915
220.68805170992616
220.7085716850342
220.7156572994698
220.7215796717602
220.7394541251835
220.74708436437217
220.75380904670368
220.76748746062043
220.7774504870855
220.7825920939211
220.80223702211646
220.80924033965317
220.81165904680262
220.83197424506088
220.83693336559378
220.83813731269154
220.85330010071516
220.85965270828555
220.87771996552297
220.9115582554003
220.92934456806913
220.93199355282144
220.93276155238127
220.93648081886846
220.94447516309856
220.96039325731414
220.98055281088335
220.9929585860953
220.9967954069572
221.02367919322683
221.02597785111504
221.0323928215441
221.03847296101847
221.04016201177225
221.04385172897602
221.08149825293052
221.08278015088376
221.09556348919418
221.09974311697735
221.10440574628197
221.10958361219593
221.11421498877024
221.13467059744673
221.13816078022958
221.15161886621718
221.16308047525783
221.18588041787868
221.19123583365715
221.1939191189365
221.19710609447532
221.20558688633255
221.21922057354405
221.23614337393659
221.24950175289686
221.2725525328579
221.2758804233517
221.29116978676132
221.29301198659385
221.29985094385742
221.30110279214236
221.3201203501874
221.33205819180364
221.3550224950081
221.37530334590747
221.38828107741276
221.38985800525316
221.39411569490483
221.395497551643
221.39625191652115
221.43821302784175
221.44274629031193
221.4563797229209
221.4571074309277
221.47605660151973
221.47748482649445
221.4888080248239
221.49061993056253
221.51444535296295
221.5163959315504
221.52749900743765
221.52837565834596
221.54296671903018
221.54755147808268
221.57925640627937
221.579440013758
221.58016033835344
221.635630647909
221.6365425122751
221.6541189807442
221.6547355855194
221.65680072176139
221.658161224616
221.6703987859428
221.6920250712221
221.69328432432357
221.70264403805393
221.70843317002172
221.7161040312333
221.74975448178924
221.75014274053123
221.75321362200393
221.7691490500379
221.77046612570646
221.7754223809938
221.78410202304744
221.7918134395345
221.8029987473968
221.8153613845215
221.82093594577955
221.84007093331775
221.8618071049243
221.87426921493213
221.8817065134685
221.8854707432064
221.89358986774735
221.89602639160643
221.92088669567096
221.9216498864607
221.92822421183527
221.93756800543227
221.94545639898536
221.97293519513516
221.97686270400692
221.99732719493826
222.01292597448975
222.01838538952418
222.03102695902132
222.03209121432982
222.03849373762588
222.0436567656498
222.06780890598645
222.09144973540486
222.10146049228698
222.10478333269586
222.11047234488214
222.11955839536444
222.1396928540276
222.14487103181438
222.14837021094323
222.16514934439388
222.17272228659783
222.17407966697206
222.18122994900793
222.19306197862252
222.2065488578867
222.22157135894594
222.23159305671396
222.2385795771823
222.25604454356082
222.2571773352183
222.26401255276394
222.2791270874432
222.2815406734685
222.29980947126523
222.3307737702245
222.33196228164007
222.34925617244562
222.36941266609546
222.3706200973202
222.37086645675123
222.38665256157768
222.3993265897716
222.41838715111916
222.42197016136578
222.4265050682388
222.42667487412785
222.44000531372242
222.44063939325363
222.45544894467858
222.49184541481821
222.5007608433787
222.51497636525116
222.517532944906
222.52673956753264
222.5280325729295
222.52875560598628
222.5352315341121
222.5466597142121
222.56538004957724
222.56825721844396
222.57160625455413
222.57684025637096
222.58318049409962
222.5922202664602
222.60510282596292
222.6095053312753
222.6153112478905
222.6359163370632
222.67257162433694
222.67850375555565
222.69077553972977
222.6915618706087
222.72575501979676
222.7416310476494
222.74169907644435
222.74669109714367
222.7511135998018
222.76480422914017
222.77583381129904
222.80054128808712
222.80430355096252
222.80712652107812
222.80968878277807
222.85815851009397
222.86401572506534
222.8676992695218
222.8681721749642
222.90123953692378
222.90427619627053
222.91692271725654
222.9186421666449
222.92832800044144
222.92862155599363
222.94002293933303
222.960129823338
222.96732096246333
222.9812460626107
223.0029899306294
223.0114007460409
223.04240368901466
223.04831317193023
223.04893948124155
223.0603949841982
223.06138099208212
223.07572963584718
223.07592068982422
223.08947684582068
223.0922448762401
223.09545055233934
223.11586484335635
223.1279452262818
223.13151628266584
223.14785514139834
223.15362583889174
223.16103610255223
223.18690357881644
223.18881258293828
223.1951572660601
223.19705318606825
223.20790487073356
223.21968061410348
223.22577904371005
223.2399186482451
223.2669091886499
223.27729075882226
223.2947403197077
223.29773921892055
223.30650174644666
223.33216662728333
223.33255320253375
223.33537336708065
223.3469651715973
223.35207878329797
223.3762490847203
223.38269713261516
223.40322283091112
223.40674270674316
223.41296017896184
223.41464332573497
223.41720842225988
223.4178665101685
223.42359003914655
223.4236172237524
223.46676643725652
223.47202505021053
223.48585286063096
223.48665738323714
223.498819089143
223.521054684228
223.5228968963693
223.52586268518874
223.53544687632564
223.56247484748312
223.56384656268173
223.59225992319256
223.59443033904714
223.59718123958183
223.616790046756
223.62907689091918
223.6391099104926
223.64639714789942
223.66579390190913
223.686785865345
223.7057763152101
223.7076104757607
223.7206073520121
223.72907302516677
223.74325320314566
223.75280811580944
223.75380693978278
223.76693824810857
223.76994204954318
223.77370728382314
223.78941632570118
223.7949416787605
223.8049990717698
223.80529396552788
223.80761774354323
223.83016361514845
223.83720343430315
223.84034581507774
223.86307120782112
223.88024763553204
223.88084752454125
223.89352209528838
223.89682995789065
223.89877430646337
223.92455175774685
223.93345152097945
223.94089185110656
223.95788214511023
223.95912831916613
223.99157794563328
224.0118418825578
224.0121286701155
224.0126967164662
224.01750549648196
224.07133593294387
224.07386586224857
224.07809774381445
224.07961840614794
224.09605958035726
224.09642532640146
224.09790065591466
224.11028493360527
224.11384403426922
224.12653817919556
224.1316928377228
224.14571191693543
224.15033988591816
224.19124776161937
224.19688128431918
224.19957915503988
224.2095572362382
224.22927874597943
224.25153431150264
224.2521016742805
224.25474686178418
224.28167108002987
224.2831322037637
224.30735515136388
224.30772949644512
224.3122083791308
224.33360510893917
224.3373560081891
224.3547799093539
224.3594232596129
224.3711575822962
224.38735774856303
224.40019018059255
224.4121444654613
224.41928392086123
224.4352147491384
224.4429467023042
224.45129304552967
224.4648592855525
224.46981553569458
224.47953758729935
224.50256374907408
224.50259296742604
224.51717711223313
224.5202075563019
224.52312692102436
224.52633058980237
224.52778207358358
224.53530268139423
224.56569035076652
224.5682887952388
224.57411707796427
224.58310732486262
224.60139687278493
224.60346906890962
224.61021446685587
224.61082886640645
224.6337581512021
224.67391178181634
224.68428233738646
224.69085899123286
224.69944268394318
224.70317404772047
224.71130225019817
224.72260346992428
224.7289538349036
224.72980490873687
224.74416822950462
224.75352109059088
224.75968315661407
224.7623593020302
224.77593093409683
224.78212318079702
224.82568814366803
224.830324084081
224.8398591305926
224.8452963361929
224.850237994922
224.86200038611554
224.86417002198667
224.86831304477505
224.87379982995895
224.89753693226697
224.90804674032123
224.92674309985523
224.94150202514766
224.95210762605473
224.9710219770728
224.98730172024483
224.99509080786444
225.00457771840678
225.02164670783702
225.04120611676333
225.04743457685515
225.0478799061887
225.06132160299504
225.06514584974244
225.0672772625453
225.07589691595274
225.08504827636125
225.1071528648202
225.11776581239508
225.13445415112068
225.13560310664022
225.14822619908193
225.1501098758341
225.1802676351154
225.1893425278314
225.20104865728925
225.20156593990015
225.2016488266239
225.20838115481996
225.2255293768633
225.25547708286092
225.25855415541338
225.26254515369138
225.26261328157207
225.29891779893865
225.2999906380504
225.3079674065764
225.32743803172716
225.33083913475315
225.3359924137119
225.36002192697254
225.36486450262464
225.37845625866507
225.3928272889911
225.39753248971323
225.41943343869204
225.41973073691685
225.42998002002008
225.44067182084765
225.4524758457576
225.45741047659217
225.46776245346524
225.46953042773518
225.47034274398135
225.50414083548773
225.50566049055882
225.5094479578768
225.5196207624273
225.52613413384566
225.53667705152978
225.56677457024955
225.57225203794655
225.57782652972026
225.57921571913178
225.59893644638603
225.61077877176572
225.6132356821666
225.6319160954042
225.6352975912392
225.64157925068574
225.6421126845118
225.67329834733064
225.68046684469684
225.712098546706
225.71880595777859
225.74378242299338
225.76385769873104
225.76726516558466
225.7680388756146
225.7689387986197
225.7863258688293
225.80367395763298
225.82111064928938
225.82652161424866
225.84105619141158
225.8420776940972
225.84972060855168
225.87360773075648
225.8810481444657
225.90051394603265
225.91188179723548
225.9166217332669
225.92125110893807
225.92330387387338
225.9379276599911
225.94187521264362
225.97202846156654
225.98595888778382
226.0035140825273
226.01503593573864
226.0208226646438
226.02320395016864
226.02451681832608
226.05170386574358
226.05696863493938
226.06115136429025
226.06195027857748
226.10447518058436
226.11718343993468
226.11879203572744
226.12185598342177
226.1302752458304
226.13066988362849
226.14150622308884
226.1424411005288
226.1491367410489
226.16972524641173
226.18371812456468
226.18571362502792
226.21289751989548
226.22384334382818
226.22556107241712
226.24117518273158
226.24652619419774
226.2618640036257
226.28684995900417
226.30009066112493
226.30421393027532
226.30669571669438
226.31708237866962
226.32155407749315
226.33721168751592
226.34393188082336
226.35002298265468
226.38131710704772
226.38539719572537
226.3894746860776
226.40120988442825
226.41792922260734
226.41828387301157
226.42153841219275
226.4405435077154
226.4449143437666
226.47632850629356
226.47880888204938
226.48292765166352
226.4867466865939
226.49174729610172
226.51532601787142
226.5204657097427
226.52062522531006
226.53261776390084
226.53804350409956
226.54042738276883
226.54129737996706
226.5848954490352
226.59874645317763
226.59953309408368
226.61137274192674
226.6205339776967
226.64813748753627
226.675420321807
226.68011903514483
226.6834041037487
226.6983046521721
226.71105010471635
226.7129568655526
226.72171625074023
226.74781654710554
226.7618639781947
226.79032623792935
226.795199536663
226.81342967501362
226.81421298143098
226.81433711688175
226.82173747149454
226.83253310346197
226.83786193123282
226.84644558729477
226.85692800292824
226.86880471003792
226.8784827524524
226.88102509318077
226.92363233811673
226.93103998704538
226.9343879572709
226.94227072384598
226.95947522202542
226.96177387365773
226.96822021036547
227.00090247227945
227.00606225215577
227.01392959709725
227.0344637477378
227.03495453124071
227.03788218392617
227.05315340682975
227.08115272864856
227.09299361118028
227.09681260081487
227.12654009967898
227.13212688262402
227.13350205896776
227.1364619673159
227.13858157011163
227.15534190615193
227.16414107727635
227.1819188737339
227.19155202893157
227.19160898381656
227.19380992994206
227.19880467514454
227.22291114449084
227.22678192967027
227.253370766166
227.26349444249564
227.26455765923023
227.28285147560192
227.28323789492867
227.30153418028928
227.3100378539993
227.34329574954612
227.34368976176395
227.36141134637242
227.365823329148
227.3658588891907
227.38242146551485
227.39747499124024
227.40317562245042
227.40606963422303
227.42574874279478
227.45560791364164
227.46913455393874
227.47852214714914
227.48452310772217
227.4855937725061
227.49194666520538
227.50435715977395
227.5049086478834
227.51864571525277
227.53276194627847
227.54434132830724
227.57087776514854
227.57132332193603
227.5922885724041
227.59398004821267
227.61339573047928
227.6197290761826
227.62803720533788
227.6347011855244
227.63780211340358
227.64882161385376
227.6550198196214
227.6647624335477
227.67831486135802
227.678654697839
227.68687709101832
227.70053452534674
227.71126913544595
227.71300953694973
227.76182472153587
227.76222808095739
227.7677816567884
227.77048970749257
227.8019173384631
227.80229192453726
227.81151464496494
227.8292278529424
227.8464552702781
227.86435961145622
227.87103912189693
227.8731082463632
227.87831714040482
227.88108270913705
227.88811669472636
227.9191235240936
227.92040960012332
227.92785162129502
227.9441374203106
227.95789502192883
227.95870562394438
227.9814616562933
227.99530486148532
227.99911159794888
228.0014864541756
228.02876751093848
228.0291040548083
228.05286665499276
228.0625165447441
228.0679183444624
228.07128227850683
228.078208435432
228.0831909613423
228.11601002134736
228.12183946419466
228.13066086422103
228.1444724900501
228.14604003083016
228.14691345520163
228.16516665823102
228.16592916697343
228.1676612979471
228.18230113635008
228.1928107724336
228.21426997536335
228.2317886964354
228.23780500453807
228.26152591655529
228.2815199267515
228.28515992025635
228.30705650172027
228.32465848747452
228.32860713215666
228.33856840955914
228.3480585608432
228.37493009491405
228.40119914613862
228.4028420857943
228.4130361088266
228.42624185388757
228.43967046739903
228.45512758507596
228.46427927919103
228.4691936647637
228.47829732608625
228.48350709316733
228.48371426003038
228.4934231302808
228.52431429075722
228.52451860429017
228.52958646100447
228.5413341968525
228.57022823954935
228.57280737783316
228.6064893642594
228.60827962447877
228.60956224967524
228.6134879478767
228.62131028128132
228.63457585630073
228.6351149505551
228.64377459436443
228.65020943364988
228.66074415364238
228.68143623706402
228.7181873685755
228.71829303497566
228.7235389098756
228.73512210721665
228.74265582158154
228.7477063030649
228.7480529387769
228.77586850224816
228.7830533419337
228.79921925480392
228.80371443820937
228.82653646905683
228.82945431543652
228.83295738636687
228.84996049618385
228.85812724534455
228.88452376273284
228.88893093751125
228.8904031382555
228.89667548653836
228.89835317747406
228.91155077370408
228.91789952842294
228.91972072175895
228.92013912562825
228.97704501146902
228.98937278698529
228.99346393212178
228.99718361903484
229.00093105546196
229.02746903979028
229.02875076628735
229.05369864898063
229.06749027799373
229.06867714612133
229.0806607391693
229.08786592449115
229.0905606865229
229.0918106173765
229.10649763010264
229.14559122278445
229.14881297391932
229.1495758984437
229.161940448895
229.177970814409
229.18548074122
229.18979323272572
229.1991865806139
229.20828964617408
229.22833551757546
229.2350610438149
229.23963272931204
229.24532246017574
229.26275930366734
229.28433941228386
229.28473505544716
229.28595654185048
229.28657028182852
229.2982383452874
229.31640817948096
229.32957142504395
229.33195731409705
229.34793453256745
229.35137091524768
229.3612591372441
229.36928990489133
229.43041416291868
229.43558296958378
229.4378115490446
229.46572164939525
229.4730697120899
229.48315987206178
229.48746650404124
229.51019558100293
229.51234990307518
229.51843992352786
229.51919685258974
229.52102822771025
229.55337118478903
229.5682347556266
229.57398130651188
229.5838621598774
229.58978856492405
229.5960051949657
229.60818249533474
229.63167204144577
229.64073071668514
229.6580830072576
229.65852661120232
229.67323699143557
229.68455587659855
229.72538588651173
229.75700706251143
229.7586407668622
229.76269741957248
229.7730664473816
229.7780567026554
229.7930271349399
229.79703739323335
229.81008009275905
229.8373721458071
229.84886425685855
229.86079419731706
229.86740939991014
229.8692138620397
229.88565788283705
229.88599827916545
229.89106043539397
229.92121917844165
229.93580687616114
229.93857230605144
229.94840258695993
229.96819494621855
229.9710485748999
229.9733349258184
229.97847563260908
229.9842451301095
230.01450680884895
230.03534939177123
230.0405199515817
230.06139419344845
230.0737359035127
230.07779199583638
230.08312285501714
230.08929774600014
230.12633972456123
230.12776125852133
230.14933061276741
230.15870829363908
230.1752714052205
230.17907481733835
230.1932649018981
230.2123665011044
230.22124727561803
230.2419999343893
230.24304250501018
230.25980665951712
230.26363604901093
230.26889106726233
230.2699602140572
230.27826326855163
230.29552046323056
230.29627921072935
230.30128572281103
230.32116373589133
230.33050836098278
230.3499278134065
230.3667807233602
230.37563548580974
230.3926762797971
230.3958143456681
230.42467724032377
230.43288156872637
230.44227722696917
230.45386177292306
230.45832776993535
230.4608340579926
230.4676239613326
230.47745227377212
230.48369045090033
230.4869198695481
230.50157333004984
230.51634838832055
230.5245866784247
230.5263760730855
230.5441827335425
230.5600969267809
230.5745152786448
230.60660460897893
230.60913588850303
230.61679202179835
230.63544938188699
230.6713445418086
230.67379252110848
230.684275789653
230.68959881492773
230.69870576512545
230.70506218188834
230.70518512142314
230.72391491668665
230.73265376867946
230.7587488787339
230.76594736494698
230.7738238943863
230.7754084625561
230.77986784266818
230.7975939558198
230.800132682965
230.8301223953339
230.83288043682646
230.8400891415063
230.84421290247303
230.85322781078813
230.8732732026867
230.8820939562173
230.8912767160096
230.89753749309165
230.90115748576102
230.91060689076266
230.91411601843862
230.93724496389507
230.94155958202728
230.94945499269426
230.96330662545512
230.98526185135677
231.00788170276152
231.0159342863082
231.0255966924364
231.0480519925041
231.0578094526858
231.07523339972835
231.09285842298794
231.095126467832
231.09621154349227
231.10899775639479
231.12426085797034
231.12619261648155
231.1431471164399
231.15720034795007
231.19746216943838
231.2216187450356
231.22338966177728
231.2304238633086
231.24322649786373
231.26959875605638
231.2947064700363
231.2972020733602
231.30362524838463
231.3277919017794
231.33571978262418
231.3410340895259
231.34841286942248
231.3584637243187
231.36001723481982
231.37120394544377
231.37878549973277
231.42654722277018
231.42953340238668
231.44418835110787
231.44576472502393
231.46069483340074
231.4639996723362
231.4681673375972
231.48498265495297
231.5027711645392
231.51831104259816
231.53045390669422
231.55024985297752
231.5552233315023
231.55685663250517
231.563644756312
231.57030159089163
231.58317586756593
231.59404956442668
231.6010228905161
231.62093066789168
231.62146629686583
231.62621819804156
231.6348214424862
231.64783564030097
231.66877715405727
231.66997032439386
231.6804292201475
231.68307813344748
231.69986463506393
231.70111521561924
231.70553264140466
231.76046149765492
231.76292692754996
231.76871139801472
231.7738652286546
231.7799406342375
231.81046225140105
231.82077365145759
231.838428437682
231.84283449430322
231.84538376265056
231.85345282582006
231.8585326823018
231.86190863433455
231.86532783479916
231.89572476965193
231.90824621433035
231.92541935067985
231.9448481694426
231.9713412826713
231.97249303930272
231.9820551382106
231.98290512869156
231.98306180770936
231.994451640482
232.0058722739327
232.01203598226152
232.03613976460505
232.039939798487
232.05275591664716
232.0570941647277
232.06530112419463
232.0762961177578
232.07681751056785
232.09675544946583
232.11385547087895
232.11666755025269
232.12677357642076
232.15217481317322
232.16551169914555
232.16801801265476
232.21689415934068
232.22817111964034
232.24218986923438
232.2426819155437
232.2802318511382
232.28413666389224
232.2852142501013
232.3002215610211
232.32390716854937
232.32461372844287
232.3301467837714
232.34373634717196
232.34568880790886
232.36030891999033
232.36722663710722
232.36926621674792
232.3845186754732
232.3955306159596
232.39827190579786
232.3989488255131
232.4285520686061
232.4421763999043
232.46280749834523
232.47753996867388
232.47955566982634
232.48182365827955
232.4988265807012
232.50549037527304
232.50931188030452
232.52775077133475
232.5318183515685
232.55321244673368
232.58138261271884
232.5967016274671
232.60108550550552
232.61782959962892
232.6408956920022
232.6443511542134
232.65387701871526
232.65802737048298
232.66910920349164
232.67898212038952
232.70280163690492
232.7086825860238
232.71388540467748
232.73456212486803
232.73811255783943
232.75300342601182
232.77679441432338
232.78222535231762
232.78361897250292
232.78924298106338
232.81516926055693
232.83556604389773
232.83875965729936
232.84286419000964
232.84811772961538
232.86744310591484
232.87225199656717
232.8727113379131
232.899301143223
232.90259108917755
232.9316064272146
232.94799097370006
232.95564498395902
232.9579715742537
232.9877288301204
232.9951757782888
233.01767783278558
233.0246563360807
233.02661686575942
233.08513218898943
233.0953938171198
233.09845591722893
233.10597328067826
233.10759462909266
233.13151278373812
233.13341344315774
233.160389382623
233.16389268728355
233.17396375425227
233.18171253746422
233.19700124368225
233.20472686188768
233.20990169744599
233.21919057079631
233.22562280325616
233.246175482649
233.27995577781851
233.2926757705949
233.30764617577776
233.32617474419374
233.33064922884918
233.33130265822962
233.34280365687664
233.35180169862494
233.354851741651
233.38259970657137
233.3874661616485
233.40875126293156
233.418838313206
233.4226901700859
233.4376675545227
233.4400495558749
233.45835942334855
233.4761558680262
233.48188345365512
233.50730261308715
233.51190240747522
233.52242608642803
233.52922886124173
233.53356649326895
233.54489290421714
233.55156931887115
233.556615971357
233.57449130143783
233.58817483426512
233.59471482577356
233.5995991356805
233.61313420335057
233.6593534031912
233.67539661569296
233.69632218622988
233.70423915041968
233.70937301182155
233.71245432982155
233.7154318277199
233.72651124272687
233.72991708806973
233.74538081156143
233.7605336137221
233.7655993079081
233.77484605786023
233.7934347362225
233.7948155731854
233.8274640389469
233.8444401429764
233.85165494030483
233.85912028198481
233.87304135085304
233.8931756962093
233.8983375218509
233.90585852630983
233.91980062756662
233.92736561451252
233.93256356807865
233.95449048022226
233.9602612704535
233.97227147642155
233.9749876139805
233.99702483198075
234.00516985378505
234.03848004541658
234.0435550320115
234.0553341826747
234.0576112694243
234.05941174965295
234.06424358587458
234.10080319957575
234.10712091854018
234.11474138148463
234.1300414787754
234.13580035201923
234.1382027862924
234.15662980962801
234.15872422965253
234.1709493597417
234.18862095307372
234.20971465126942
234.21460745911148
234.23584700197426
234.24228135917406
234.25522951426612
234.26528357934998
234.2725210644375
234.3232936189682
234.32366475276402
234.37579957659244
234.38287214353056
234.40002525926434
234.40039579276038
234.42199524898436
234.42882087729265
234.4370360802703
234.4380016041405
234.4385428015195
234.43922671073705
234.4857656039531
234.4865714803357
234.49531977401026
234.51284710697809
234.5145346842186
234.53244817347465
234.54519318423877
234.5505533145786
234.5651360598092
234.5765159715296
234.57773932971318
234.57775835040826
234.5928460827878
234.59506991866402
234.61661234032653
234.6274709560893
234.6518120327106
234.65912894685243
234.67475428504983
234.67959890274923
234.71036351780202
234.7434790832582
234.74943765194783
234.75273953731204
234.75640962885103
234.75648260662882
234.7691098398193
234.77503257924837
234.79609766929536
234.8057597696002
234.80647895715794
234.83693098661945
234.85212610659022
234.85512122297186
234.87160304689777
234.8987622785899
234.9102147107443
234.91985862621593
234.9298984429903
234.93291434274573
234.93427362245714
234.95595079363244
234.9761066515259
234.99263535160105
235.01648379013287
235.02538531106566
235.05853241306696
235.0686084914772
235.10022698742668
235.1076049373233
235.1356978656696
235.1411074487604
235.14749377202872
235.1601222037543
235.19209006192247
235.19412417849773
235.19919814168972
235.2197701996823
235.22554707415756
235.2356087370881
235.24078011462802
235.24152271468463
235.2481143703693
235.25816699074034
235.26947179695733
235.29976352204466
235.3202602731897
235.32239455097053
235.3255018480702
235.34732936540937
235.357102741026
235.36231717955323
235.37290386832768
235.39053441255533
235.41471336966558
235.4185177894553
235.4347869199187
235.44605395422226
235.4508854622023
235.4831085049678
235.49444607017375
235.5011849296445
235.52112505275394
235.52128654945375
235.5221362870038
235.52678811054346
235.5388768583859
235.54026186240557
235.54832813936832
235.55527648308367
235.55889936508422
235.5983023476896
235.61477633138523
235.63279999602784
235.64457155211414
235.67028560509917
235.69133868874593
235.71568000161386
235.71861044532815
235.7307382621511
235.73192309447248
235.76729131413518
235.7780424922
235.78997520391383
235.81461404184282
235.8243181011156
235.83772442354865
235.83962108458775
235.84164967386408
235.86110333249655
235.8761016409374
235.8762968583592
235.89697354198267
235.90342051145208
235.91030279033941
235.92025451779725
235.9407709497288
235.9467566170123
235.96243121833848
235.97605891583768
235.98950039180764
235.9929172834808
235.99696484423373
236.0184091514119
236.02815477382066
236.0491014454303
236.09265047275485
236.10517663794485
236.12415501685325
236.12674687889012
236.127974179519
236.13616335994755
236.15063955976603
236.17733295099575
236.18297702788672
236.19409132043882
236.19561372970165
236.20833116686188
236.2131871441647
236.23543804034665
236.24671311841877
236.24787758493568
236.27453930493346
236.28835450870758
236.28924984366282
236.29711761912878
236.35617369941008
236.3640568946391
236.36428432483353
236.369880757032
236.39461165339654
236.39970669191337
236.42915906533932
236.4310630033626
236.43626535095243
236.44402516408886
236.4801033589484
236.48445971164276
236.50305904325288
236.51760274363164
236.53180809268852
236.53376410871087
236.5415602898143
236.54983302863957
236.56160000503274
236.5743035066007
236.60176615688522
236.60601329692818
236.6252091273816
236.64872655985417
236.66598500859823
236.67263121129997
236.6909291783818
236.69214272459416
236.6937528094853
236.7210179283086
236.7266913706508
236.74079829050189
236.75761224644273
236.78794583457974
236.80710075948917
236.8077266622554
236.83389201530636
236.83419452846724
236.85673776803063
236.86505571882827
236.88140488109764
236.88287668701022
236.89574264119298
236.89870542798013
236.90409718659612
236.91184775196177
236.91840418024566
236.942847460046
236.97165118940305
236.98841940117777
236.98991858310876
237.02834476226226
237.03958966055907
237.04360497192576
237.04919250691748
237.05010285746033
237.06881595075248
237.0844143190433
237.10901318766383
237.11334299729262
237.12522010069065
237.12587140520725
237.13779566155884
237.15935674813346
237.16364744479395
237.16615626522835
237.17475887027499
237.183054744458
237.23062578665818
237.25756463781
237.25764004349983
237.26556231405
237.26775013396264
237.28917293972728
237.3088841513401
237.31030151317213
237.33570427265326
237.3402464812561
237.36708628597898
237.3880411777124
237.4020109833007
237.40389309707
237.41104250773088
237.44199748327912
237.44555599125394
237.47014850190524
237.47295616657894
237.48989954518044
237.4959011147986
237.52736547412078
237.5485714826694
237.5532890784932
237.56902579533187
237.58032338812723
237.5806342576557
237.5812584393077
237.60982630637744
237.6196927048942
237.62581564118022
237.65136243176127
237.65343615478182
237.6621036359362
237.6880851028778
237.68954603615683
237.7018065498812
237.73839313859025
237.74028583769493
237.7439961617143
237.76234032193165
237.76615924686965
237.77107484530956
237.78177118546466
237.78580641998843
237.83732253003348
237.84333439341958
237.84553506030483
237.86713993468246
237.89723965139962
237.90272627978337
237.90424779890196
237.90702057736578
237.95285097003608
237.9541086985631
237.95776695009508
237.96761242026184
237.98960328136292
237.99593587746497
238.00857833777238
238.0098885322417
238.02980284916623
238.03607867025423
238.06054742458764
238.0689482935565
238.09963585647068
238.11239805869204
238.1135925776589
238.13067442048188
238.13164387284107
238.15241678381804
238.21716139656738
238.2240703711906
238.24303497263006
238.26161405725665
238.27233495761567
238.29199433329094
238.298997863429
238.30878237400887
238.32114779364088
238.32931365740706
238.3430132891959
238.36728074859855
238.3886516214822
238.401759231341
238.40195028775113
238.40329933205342
238.42605672778126
238.43646336317178
238.4366864737275
238.44768669796647
238.4626732215226
238.47117069660553
238.47449689541216
238.48713684747946
238.51250579073098
238.52218955514164
238.5348915705867
238.56626430587048
238.57147130966692
238.62631261986692
238.63503800289502
238.64929198483333
238.6539660965888
238.6625416953076
238.66403014006656
238.70513473466406
238.71094104365395
238.73587342531553
238.76299505353072
238.77739417883618
238.77903492895365
238.78746195253473
238.79526700563483
238.79588900007
238.8020862858839
238.80376360955447
238.81308369941814
238.8279339491225
238.8699510530213
238.89930544062253
238.90221006178538
238.9059872712116
238.9203077963146
238.94236226581236
238.9505630784644
238.96291302612087
238.97060248178312
238.9743319621525
238.99004212249034
238.99105592766017
239.00914523990096
239.03347526245955
239.04840775584785
239.0487094164993
239.08424938256286
239.12049581631936
239.13830656193397
239.17334192534423
239.1780984973918
239.19793838437286
239.21072986410758
239.2237651862675
239.24164078785512
239.24660220363452
239.25046291917306
239.26551930122173
239.27643372091558
239.2886106141698
239.29967599557978
239.33484349674256
239.34367172839734
239.35893770548333
239.36168933329796
239.37609449942062
239.3828089847877
239.4081098553373
239.419344491698
239.42438251513744
239.4579760013158
239.4607469994133
239.4674746611792
239.47983652237502
239.50733368398716
239.51617556309228
239.55359438307914
239.57969521413492
239.59745219719173
239.5980837605581
239.60471089077924
239.61067855225838
239.62505262234814
239.66075791424225
239.69280310258978
239.69541072488852
239.70435000981803
239.71688136839862
239.74153549231153
239.7462242752153
239.7963279236945
239.79862255014993
239.8190087421254
239.84271730496764
239.8437365818753
239.85230064158048
239.8664102019409
239.87707235872804
239.8996678073585
239.90254341108457
239.92751704228868
239.9322596071153
239.97763148538473
239.98426615036558
240.00515743584808
240.00860577712103
240.03099528322514
240.0351599455693
240.05671064066115
240.05920520996727
240.06392967100362
240.07153376640701
240.09738778024592
240.10767266323987
240.10784114635246
240.12512938500913
240.12937873058206
240.13930166510457
240.20022161911135
240.2067857174519
240.21902567176068
240.23552361235016
240.2446842065213
240.25016763471905
240.27081351991072
240.27699099778587
240.2950977555064
240.31096909452572
240.31119772173457
240.3121193439749
240.31563712409888
240.3279383500671
240.38784600419118
240.39704065099596
240.4008499824932
240.43469512679985
240.4671973862431
240.46746583017054
240.47312782157368
240.49490207530337
240.49751238270815
240.5075486804659
240.53371040163577
240.55508042244088
240.57763952711665
240.57913028766268
240.61739037485194
240.6200827551704
240.6208305796806
240.62376684548718
240.66231989731696
240.6774263340406
240.68520663833525
240.68845636830738
240.7059276116542
240.737021498727
240.75903730961633
240.7605873046323
240.7835137125538
240.79126455881635
240.81515795593296
240.83027525810218
240.83318821230372
240.84155066872233
240.86360514320307
240.888476080398
240.89460149228282
240.90018818937824
240.9207252276575
240.92875304122188
240.94385082239089
240.9569254567752
240.96055494014405
240.97597822991054
240.98816173562383
241.012039139581
241.03675377647025
241.0516113831569
241.06555473129245
241.07419898660524
241.10884615168723
241.12202777494625
241.12625039483933
241.14572183692795
241.16286099581637
241.1917680943137
241.19419143595178
241.20331662579633
241.21917159469604
241.23382059353705
241.25139382260699
241.28466453281285
241.28574107546808
241.29790536538903
241.30023860411967
241.3183042778944
241.32305048237336
241.33507321107527
241.37420377822906
241.37430649087943
241.39262659686912
241.41537266510284
241.42156927374816
241.4295742206521
241.45285143205976
241.45521197515393
241.46911741451325
241.49141849594426
241.50098839259348
241.53063941530792
241.55413852431215
241.560029918802
241.60270499117243
241.60398190245422
241.63078499447008
241.65371585835578
241.65384233760543
241.6632599106114
241.6690509668645
241.67651996538956
241.69879640024016
241.73392511807177
241.74014629327127
241.74062206006587
241.74456543780425
241.75478075507115
241.76637467884566
241.77579161140477
241.8210546819539
241.84753248473714
241.86389257319127
241.86703956922716
241.8788741454306
241.88960626231363
241.90957511351857
241.92273415473045
241.94420911045052
241.95445736845184
241.96583125571212
241.98896052941095
242.02786397571458
242.03236588348494
242.0341067363376
242.05352238554508
242.05803440602054
242.07360772057228
242.08507260067645
242.10590966244078
242.12652077429095
242.13193760166718
242.13572792514438
242.1527737557583
242.22845119462912
242.23387284329908
242.24564774843697
242.25529118869704
242.27323545950784
242.27982333647358
242.28656766875548
242.28762240105843
242.32418523938725
242.3340897795624
242.34969259643455
242.3529743792459
242.3925404572424
242.39817111871992
242.4177763860818
242.42381835003422
242.43881108405722
242.4459467740619
242.46410756818182
242.47656599279276
242.48399134174375
242.49761838669627
242.5189204097758
242.54822059382906
242.56327621907482
242.589681078571
242.61367597657645
242.63863366321064
242.65748322387887
242.683397695828
242.69249431933574
242.7063103419577
242.72149075615584
242.73961440932325
242.77399495394695
242.78127583543832
242.78759942889798
242.81407848043608
242.81876278945214
242.82460678304375
242.85014964760072
242.85205516996754
242.87472874358923
242.88783775383098
242.8893257961444
242.91877789485827
242.93253799919904
242.96947033371205
242.9793081612472
242.9921866761701
243.00244447106402
243.00619200835138
243.01546342521127
243.05151296437631
243.08364551193236
243.09232499403933
243.1023144955101
243.10418312464162
243.17471720511034
243.1821356212608
243.18216445607473
243.1906735860727
243.22371115237019
243.24027987196348
243.25177043284594
243.26087053810423
243.27904184631507
243.31236282688604
243.31864753028225
243.33608420476637
243.37620233491504
243.3910932853764
243.40472047724532
243.42960839754218
243.4309937080024
243.43272729081988
243.46001586482544
243.49569183853924
243.50334845366874
243.51693255861503
243.52167671714378
243.537664441168
243.53830951622234
243.56358250991013
243.62444740026658
243.62539861587817
243.63786570415527
243.6401672594299
243.66105123968936
243.71609686346267
243.72048346563562
243.74526722859318
243.75470132246977
243.7570775472353
243.78712073061476
243.78834755600425
243.79311538416982
243.79652625354822
243.84275396476482
243.88567119028667
243.8989767147346
243.92178157796474
243.93387659179683
243.9454880013689
243.9678469937633
243.9799630799537
243.99790412146217
244.04128003092887
244.05451663499224
244.09534017031885
244.12268858428882
244.12686724749815
244.13517956812436
244.13888027658376
244.16087234596307
244.18152027005306
244.20775340976337
244.21671761518814
244.26396928736966
244.29388809877378
244.29926329789632
244.3052872392788
244.31403095929466
244.32495332573285
244.34769913085802
244.36670682779834
244.3675402064523
244.36883607305495
244.3786718170196
244.4011194023749
244.42336254370696
244.4241811704258
244.46242670101492
244.51459943055158
244.51684725016622
244.5244043170796
244.52773349447992
244.55616815572557
244.58067010988293
244.5994551390114
244.6057346015935
244.6152852001605
244.61897859392218
244.64771566958242
244.65096289656404
244.67153605896553
244.67342947931547
244.72005989990805
244.74924494050342
244.77349283316286
244.78861070407913
244.8169759983802
244.832323350821
244.83590039323852
244.85939425404317
244.86966347332253
244.90114359025898
244.92477658677961
244.93431607745953
244.94072481003755
244.9529096138158
244.9610157628701
245.00792780714937
245.0271990854656
245.05170376241085
245.05328348809513
245.07657266621894
245.0847146544388
245.10269502640733
245.13748944035422
245.14785503984552
245.15688995987043
245.15772472634964
245.22833619297944
245.24490351036522
245.25894254193682
245.30507273565786
245.31145930831136
245.3275324353822
245.3467478571072
245.37457186841817
245.38373212101348
245.39587193526722
245.4382467121751
245.44436018216618
245.47663886936866
245.49180615018068
245.50045537905797
245.51493388122182
245.53469045279596
245.54155161921346
245.57542563494096
245.5829628823187
245.59097671890282
245.61116795678097
245.63935753089683
245.64258107663144
245.66681292781374
245.68628141772345
245.7152045832581
245.74340192140042
245.75295355289902
245.76052124994777
245.77850371572157
245.7801283740381
245.79717918281995
245.8156540710638
245.81694977092928
245.83951083212295
245.8899084767781
245.91847718878353
245.92246642632864
245.9279692720479
245.96517547987546
245.98208198395292
245.9890728226214
245.99751483511352
246.03017439092423
246.0545617398569
246.07403066761265
246.10302527676888
246.11361698722038
246.1272208723415
246.17783755348478
246.19784771042393
246.20363052029376
246.22749108294053
246.25116909299572
246.26384861178087
246.26631568023316
246.28727054754717
246.30886654782978
246.3429151591024
246.35160741022477
246.36257193352873
246.3771838978082
246.3933570847811
246.40936093685755
246.4163678660817
246.42032479207964
246.43252933065116
246.48446482915085
246.50231373585063
246.50334934057113
246.52055126775846
246.55823968704013
246.5733657238951
246.59511158548182
246.61441671976806
246.61849894700126
246.66195594389183
246.6830805027206
246.68603587216205
246.73545622739582
246.7435358714448
246.74459100369975
246.77987146561392
246.79754245798532
246.84245338489137
246.86385542515882
246.87843012817703
246.88632978077408
246.89814941086567
246.91298994878028
246.9514764698135
246.95441934928357
246.96596649850514
246.97924577201843
246.9927374021413
247.1052781659916
247.1315423308092
247.15265299202545
247.16009296659976
247.18936622995204
247.19530439230442
247.20124101239352
247.2047679251693
247.27255836323675
247.29684016451694
247.29894401084226
247.30659952049797
247.34476487509565
247.37606824030817
247.38741816820146
247.40251809067178
247.47070198644118
247.49197331069942
247.50668574837422
247.53327195886155
247.54945288411528
247.5879781119062
247.62381747162823
247.67190468379886
247.6907950213429
247.70226601799425
247.7090442618814
247.73726226149725
247.76031017137032
247.76146112778096
247.76372243833282
247.79148427591113
247.853498444643
247.86641206819607
247.8674945756148
247.88332724677505
247.90106181268752
247.9881972947776
247.9974490360085
248.0162340916063
248.02957612723264
248.03773430797168
248.0462331615727
248.13170232177544
248.14360926093045
248.14832595207022
248.1598897531596
248.2204897913973
248.25441568406654
248.26429564292903
248.27659604843603
248.29043052229278
248.2937109629722
248.29803487404578
248.30233244176236
248.32643745112318
248.42626699336654
248.42835231678006
248.43904732465535
248.46410576265754
248.47294391295182
248.47686575690057
248.49196811523308
248.50264247431323
248.52064613113336
248.52579603222165
248.53723972281753
248.5546148022525
248.55472301224017
248.65606164814324
248.6634288834553
248.66791496347938
248.67537883302484
248.7118102155509
248.74969884063793
248.77796660685664
248.80440464713644
248.8283473345047
248.8524187703187
248.90870568567547
248.96651575532857
249.00385561775312
249.0066672573323
249.0462350250419
249.07495730906285
249.07753082034424
249.0850802638615
249.15024118898333
249.19753036404805
249.21816084278356
249.22407281761951
249.26131297350543
249.26735839624254
249.28535829013788
249.28870014400513
249.29504371345234
249.31902545593852
249.34502961149147
249.4179477968807
249.43194170210668
249.4409212624675
249.47963503355976
249.51136586346922
249.53363652746708
249.61227827596844
249.6124462674639
249.63265972808836
249.63325621380454
249.64566827956742
249.6613598639922
249.67747865990702
249.70854585687377
249.7544401650748
249.82920120383636
249.8629713520086
249.86765681291914
249.90815265228898
249.92141252588897
249.94180999187418
249.96115292356032
249.96549569723865
250.03686166338974
250.06006539230475
250.06106989733752
250.14977051850587
250.15491903420357
250.16007253611377
250.17550561397778
250.18889533437056
250.19965065061274
250.2559383845368
250.28333559348897
250.29854017265833
250.34020764165697
250.3452788386129
250.3970264670934
250.4007246679412
250.4219194838888
250.44610973856732
250.49361969862238
250.52183111405782
250.563736510379
250.57038903351008
250.63466801571334
250.6516741079386
250.66936243409293
250.70933057658212
250.7117564299585
250.7792743523984
250.81106660590967
250.8223124439531
250.90884164286715
250.9122971596977
250.94078364429222
250.97019991862192
250.98957742009404
250.99926836730083
251.00806124559747
251.0840730541961
251.12193410872706
251.12387097602468
251.1310093631186
251.15397326507767
251.1751362192056
251.19093006118655
251.24278695809315
251.25599717605616
251.26071164321684
251.29442863644715
251.3488944524256
251.37734541610615
251.393942985304
251.42697443482422
251.43970933035564
251.51917128316924
251.5287359247155
251.5319464286923
251.63557767366558
251.65416811515624
251.67697908117196
251.6769917405948
251.70616379018162
251.7596246043098
251.7746332567212
251.82279207645755
251.82617214397555
251.8508856474299
251.87709119205007
251.92026666071348
251.92953124275027
252.04853254524176
252.05352563189678
252.1033414623139
252.1182232087553
252.13927778349517
252.15148230387513
252.21623272308275
252.22256456918672
252.22257680051078
252.29531784316012
252.33021837310835
252.3585552892925
252.37547815954304
252.39381324755865
252.39841551859948
252.47712792157077
252.4783082286636
252.57680117691908
252.58341259087965
252.58790791072474
252.71765144528106
252.76061094712057
252.82234104238543
252.83327193566907
252.96510358933176
252.99119220484707
252.99354195642667
253.02000907887026
253.04994730260006
253.07011346584463
253.11294491987374
253.1160425606671
253.12597588571242
253.25790261552947
253.3380676243665
253.36473540646395
253.48935293316427
253.63158358769775
253.64680767491018
253.67569829876672
253.7499698567114
253.77982144674013
253.79415348127546
253.82853396642727
253.89408312701727
253.90423578516047
253.95177576403526
254.04055981353162
254.08599554677312
254.1284518399253
254.1626781202745
254.20350738719486
254.24680409660007
254.25716074045238
254.3336181198444
254.43055557756534
254.50359368067942
254.56852812408744
254.56937126120522
254.61777926392543
254.64270382326845
254.73631997555637
254.7411498284174
254.770176074214
254.8135029419455
254.81872923657158
254.8908162381342
254.92390457372872
254.93460771517792
254.97199856217284
255.03720989041355
255.08374168954236
255.30268213544016
255.34603079467735
255.40135234905787
255.42307159500152
255.4692213648477
255.51680565385294
255.59455205097868
255.72831413519495
255.7431506961106
255.8168232133568
255.82136780940064
255.94695063020907
255.98931371224998
256.131316417351
256.1610088627145
256.1836835032313
256.194369321148
256.3942124350283
256.4496829990507
256.5328351112611
256.5560350811559
256.5611142845194
256.5860420952138
256.704673345853
256.87718988312156
256.8819745532484
256.92845413626287
257.02192712658075
257.0940141088587
257.167861654142
257.18030261717513
257.22289277928417
257.3911155839124
257.70421124042514
257.82554842878665
257.8299964287735
257.9764633063114
258.00788235909613
258.0134827935866
258.18418879521215
258.2901893712833
258.66663854630025
258.66977288876683
258.80341116497334
258.87014708260494
259.4730970572038
259.58488880186417
259.75809904335136
259.78795738123813
260.04799569674026
260.58358929386486
260.6438668691693
260.7019793028191
261.16982543463394
261.6089329675781
261.95612929306515
261.96779588986715
263.2048522589366
264.2253690739785
265.27966804947096
271.35852935796925
963.1628432696042
964.145897380177
965.1275827377859
966.0053600576749
966.0054355033997
966.2464675443028
967.0039757236564
967.0039880121923
967.0039885215295
967.0040067868765
967.0040092504867
967.004016182287
967.0040459097386
967.0040654902849
967.0040665697915
967.0040909544085
967.0639712585369
967.1210661003284
967.1627244127342
967.2771967268801
967.3795259000624
968.0026291525833
968.0026368354268
968.0026419487532
968.0026471362835
968.0026529973578
968.0026595968462
968.0026625366605
968.0026718523087
968.0026748445243
968.0026755081587
968.0026795041472
968.0026840015358
968.0026843242027
968.0026859806342
968.0026950899669
968.0027231192632
968.0027273430808
968.002735749322
968.1997279010451
968.2136900112469
968.2307232653335
968.3189993745979
968.3259225127784
969.0012867428111
969.0013014649973
969.0013088525965
969.0013116641152
969.0013117178507
969.0013168266149
969.0013173366308
969.0013174747218
969.0013242414778
969.0013255124883
969.0013274768412
969.0013275592039
969.0013300592143
969.001330941793
969.0013327279424
969.0013332000342
969.0013363068977
969.0013366418025
969.001337385703
969.0013385006696
969.0013398904296
969.0013404726338
969.0013415133764
969.0013420314049
969.0013423506539
969.001342565463
969.0013436475582
969.0013437380628
969.0013443367959
969.0013446808111
969.0013452086695
969.0013463108543
969.0013468414869
969.0013483435633
969.001349203459
969.0013515769675
969.0013523233783
969.0013552270216
969.0013554693311
969.001356925952
969.0013647295789
969.0013699295948
969.0013764923071
969.3511522528117
969.3968076777589
969.470080333714
969.5958590014982
969.6458658578484
969.999999999997
969.9999999999977
969.9999999999981
969.9999999999982
969.9999999999983
969.9999999999986
969.9999999999989
969.9999999999993
969.9999999999993
969.9999999999993
969.9999999999994
969.9999999999994
969.9999999999994
969.9999999999995
969.9999999999995
969.9999999999998
969.9999999999998
969.9999999999998
970.0
970.0
970.0
970.0
970.0
970.0
970.0000000000001
970.0000000000001
970.0000000000002
970.0000000000002
970.0000000000002
970.0000000000002
970.0000000000002
970.0000000000002
970.0000000000002
970.0000000000003
970.0000000000003
970.0000000000003
970.0000000000005
970.0000000000005
970.0000000000006
970.0000000000007
970.0000000000007
970.0000000000009
970.0000000000011
970.0000000000014
970.0000000000014
970.0000000000015
970.0000000000015
970.0000000000016
970.000000000002
970.0000000000023
970.0000000000024
970.0000000000025
970.0000000000036
998.6623613284813
998.8919201826501
998.9106110086028
998.9633645181236
999.0304599302498
