-3.069544618483633e-12
-1.1368683772161603e-12
6.821210263296962e-13
1.0800249583553523e-12
1.5916157281026244e-12
399.45886684454354
405.50509216501507
406.50519249225647
406.5213590844899
406.53804596599156
407.2664175070268
407.7834270539411
407.85148462233724
408.5227150259429
408.58532751433813
408.64854096181654
409.1719622473248
409.52718095080576
409.71042261717895
410.2406170064462
410.35876999538283
410.5399156790769
410.56929765553065
410.8555678284107
410.8564382723735
410.8625912541549
411.0764011769336
411.35736080106096
411.5414199222559
411.59291943316896
411.7064589664641
411.87285273743277
411.8740535425192
412.1998487473226
412.2583816577957
412.2928590871888
412.4014026820698
412.4974544612887
412.5045266615505
412.7790669533707
412.94319037784385
413.03307957386113
413.11567568617346
413.1819632988827
413.19736911639484
413.2758235448032
413.39684480216056
413.4844464968116
413.56545751839946
413.60330066657525
413.6961957877096
413.76125100233054
413.9296426073337
414.03496771834153
414.0624083137841
414.1608819244673
414.3285259291337
414.47251578467785
414.49983657692036
414.56843323486396
414.622873059681
414.64292980223087
414.64635453853816
414.70768386622797
414.737231049247
414.78540385087433
414.99209152331616
415.0368298029458
415.1072320514092
415.1653122250811
415.16774860711286
415.29300800334516
415.543596320076
415.60745617917183
415.64722385573344
415.6647472103953
415.8242624483898
415.8247483242837
415.94317965920254
415.94438459121375
415.9696559356919
416.0299860596564
416.13937403580246
416.23553120690286
416.29414528439594
416.41159678595574
416.4186124799843
416.461220728355
416.5294428560852
416.5720706869001
416.5884206863551
416.6051308884423
416.63416378591603
416.75300131896273
416.84148344510425
416.851850571313
416.8752905856951
417.0198963801534
417.047520619875
417.0550508980108
417.0617163348026
417.23197868312485
417.2621532500601
417.4307736996071
417.45001452086075
417.49754087046387
417.51883508703094
417.5237943613288
417.524978907572
417.6267345967627
417.7478998431453
417.7912076317598
417.7924933391828
418.02831897351723
418.03743392908103
418.0694135600352
418.08136071111426
418.10233232871235
418.14456790356803
418.17354719495626
418.18605431792776
418.3617081852611
418.44583491878
418.4499426172022
418.47474014935676
418.5297696964002
418.6409127876625
418.66153038219034
418.7045305380472
418.709487954037
418.7185845105861
418.7385424787859
418.8036955762436
418.9045435992761
418.9144194830962
418.9286082071369
418.9418079568298
419.1258198331067
419.16886666573885
419.1837374296876
419.22567534787646
419.26755447474363
419.2913508846151
419.29754772163716
419.3297345139879
419.36707038654
419.4142993060113
419.42346847304776
419.45556123093195
419.48789775308956
419.4964947741541
419.56187871169556
419.607761496737
419.6652085755714
419.75014445743807
419.7652191049129
419.7679390400686
419.77195556954933
419.8511056454708
419.87474640582525
419.9033452214634
419.9435293157969
419.98987042078653
419.9924890933459
420.05924649913635
420.19568865405563
420.24084835747067
420.2522431613151
420.3064358314231
420.3486704353117
420.3940807094591
420.422009383896
420.4716005230735
420.47456147085546
420.47882241055186
420.4794829173478
420.4844529545829
420.58162614273925
420.63921783050125
420.64615763712584
420.6968043780158
420.76672959116377
420.78826633259433
420.8109286396831
420.8702767482192
420.874608076787
420.8778372355983
420.9187445389204
420.97506593395735
420.9947061478682
421.06834995835925
421.08996870037447
421.1154422774721
421.1203725215119
421.1373000719211
421.2027908310673
421.2626432876465
421.26732693129156
421.26912139130445
421.29417732768854
421.42269846826537
421.4623073224649
421.4736296628088
421.4816605975693
421.5239321285168
421.52958872810296
421.5342651479332
421.53957845609773
421.6455752156279
421.67729609168003
421.7483823374531
421.75111265423305
421.7695427994812
421.78067067318113
421.8242306198171
421.83036499170385
421.8513409718726
421.8838114761394
421.893972121607
421.9263454002529
421.9494498587848
422.03473728625386
422.03582992416415
422.0415446789328
422.0444357257608
422.0489223795135
422.1017486029594
422.14811810027606
422.23817808649073
422.2444640618244
422.3364082357041
422.34216303721604
422.38892920358035
422.3923265087998
422.4761476086725
422.4866376756323
422.4905047932571
422.5001873452949
422.5308717962541
422.53331715285265
422.6229451461995
422.6641285023346
422.6674521860176
422.6871855406696
422.7573298877321
422.7736166809989
422.7845706748703
422.80387273572643
422.8298406627858
422.86843133199545
422.89585531209826
422.91280296896747
422.98135332168005
423.04132835971575
423.0604661314342
423.10753001533095
423.11287779507194
423.14009463895644
423.1588965552329
423.1917003360084
423.23140379469396
423.28987995370676
423.2942939158472
423.29589730527965
423.31767981938157
423.3534370422191
423.3682682342344
423.3856583728823
423.4459581371815
423.4842758974872
423.5249302314873
423.53111874598125
423.56176464454944
423.57286430344357
423.6555628440735
423.69720621875587
423.7033858907969
423.71875005174127
423.7261998099532
423.73732065912895
423.74479019569833
423.7664754674922
423.7696769087787
423.88970572331567
423.92876885707494
423.9341423121631
423.98132860465677
424.003739129963
424.0185991270278
424.0549286480867
424.0776715109147
424.1045023883009
424.1296849768556
424.21841453377573
424.24439491632063
424.2922335909106
424.3052538455464
424.3083012149493
424.30935625667206
424.3295904662964
424.3465820193235
424.3687771959286
424.43330119822986
424.43498484313903
424.48385544346144
424.50927401406284
424.5281130331381
424.53877684169777
424.5807673664126
424.6104389391047
424.6465212985689
424.6480609459962
424.6872891605404
424.7061314363655
424.731542021283
424.75894213156005
424.76697793543946
424.78945119129133
424.7902353141413
424.81766953430673
424.8602103921505
424.9045671269713
424.9264596814232
425.01180008634736
425.01199126947273
425.02536760817594
425.0529840080985
425.0640214990017
425.08591848869133
425.10035610313406
425.1324615248949
425.16625203098795
425.19512991202527
425.22754434702
425.2932668443699
425.29629941863004
425.3322690469739
425.3821133149006
425.3895246425284
425.40154510845025
425.4322357650444
425.4347335174511
425.43701317439894
425.4533878820797
425.476290550022
425.54097440761575
425.6039087748053
425.60635388805747
425.6360477751621
425.68776767968967
425.69695179957677
425.72632887940904
425.7347195329636
425.74751618398847
425.792361508169
425.79262359565917
425.80602710910443
425.8454873997269
425.87021918735127
425.90989336967397
425.94767154683166
425.9567533480278
425.97483955706286
425.9800126176057
426.0485921614487
426.06195923600603
426.09955847370423
426.1119418594437
426.12293289416806
426.14848523759173
426.1825696483151
426.18742343175563
426.19180550476995
426.2808106424134
426.3131231639094
426.31547216091036
426.37449894126524
426.37753345525385
426.37971868528155
426.39485996332843
426.41285753751697
426.4183418952997
426.44290193433216
426.50880751915287
426.5188094950094
426.5280792820474
426.55420745025924
426.56050709874467
426.5627575434484
426.6124845426267
426.6424866334509
426.6784360989558
426.7113828257734
426.72376481058205
426.7649690765842
426.7687162872902
426.7694103904845
426.7793670097634
426.815730711371
426.83018750988765
426.832479508311
426.8338890181393
426.90405005791274
426.91235655469364
426.9417591569678
426.9431299135607
426.96486214598264
427.02145097524067
427.02600917908444
427.0537135745326
427.0809359629527
427.1113045073941
427.11192354226966
427.14486158080985
427.15932443399106
427.18926375146765
427.1942829248317
427.2184654761141
427.22058621211744
427.22191777940344
427.3092251368496
427.36724614133686
427.37946961815015
427.41030762062275
427.4328479487009
427.4560289662888
427.4604481222367
427.4912596624654
427.49212190246726
427.53287833513053
427.54465666777435
427.60818739803017
427.6231672031599
427.6351956501719
427.64535063677056
427.659573748057
427.68619044106407
427.696217659606
427.7052074411655
427.7054125565309
427.73778580201673
427.7676375295426
427.77012713546276
427.78881256078995
427.8400058576562
427.8407928401589
427.8528635919414
427.87224880614826
427.9136899836685
427.95712766575366
427.97791520213383
427.9967230124751
428.01773585305017
428.0377176915383
428.04704115854753
428.05903045599706
428.0740907358734
428.12596275093136
428.13675992758783
428.1454249835493
428.1489732461784
428.1637348564358
428.19102934221905
428.22532249350456
428.2309103604274
428.2415129481458
428.27272048226934
428.28327734586094
428.3632405864238
428.374842550582
428.3786415236791
428.44403368065656
428.4587927637575
428.4743362252237
428.47550990683055
428.49128600211117
428.5663755614057
428.5675080666706
428.60355870614376
428.6443376943731
428.6487307831218
428.6758567787053
428.68391101055977
428.71344840137743
428.74121872173265
428.77273305975564
428.7826905552912
428.79532937130267
428.8122672934563
428.8364262485249
428.85154705742
428.85393568176556
428.85463502645695
428.91240642973986
428.9208273323029
428.9359155518762
428.9966048971708
428.9966629292078
429.02866995011044
429.0730853817667
429.0998800940302
429.1061080382984
429.14300508224875
429.1529494603902
429.188141681999
429.19108260208384
429.2258557195645
429.2285922392739
429.2596486311795
429.2768785187397
429.3050092962605
429.318268607902
429.360398016088
429.38033448000607
429.39276885188235
429.43381789473887
429.4445331959367
429.4747454038828
429.4750561089169
429.50048028737325
429.51871963407467
429.53188851640925
429.54328581197524
429.55388699674774
429.59810264135643
429.6053216135615
429.6116426048507
429.61936851625967
429.6411107628755
429.6465564394796
429.7016991577588
429.71647082770613
429.7449084106639
429.75421765104954
429.7848638078113
429.8011178247098
429.8165859013083
429.828349403739
429.849284447788
429.8685338296688
429.8730403347662
429.8935467873347
429.91029522412873
429.917566959307
429.93867041321346
429.95248514648296
429.9562070625265
429.99584670328665
430.01627806619257
430.022590149225
430.0655032486569
430.1060221343023
430.1277726465672
430.1334042431958
430.1335503314809
430.1337431964087
430.1515580703293
430.16304354809296
430.1689431524582
430.1693233812588
430.22283083813596
430.251521090094
430.25366209615595
430.25698519391545
430.2643478910719
430.33306914571165
430.3725895792555
430.37897366551846
430.3854920001807
430.39203812436574
430.39971052870067
430.4065266883764
430.43128738410144
430.466333835068
430.4835566125309
430.4950480465985
430.50205619811743
430.50391166549224
430.5481263519212
430.5482998828102
430.5800738006482
430.6112558256964
430.6273067570307
430.65393621250615
430.674646260837
430.7010767257993
430.74716395555635
430.78974734500065
430.8106540964886
430.8132551033978
430.83585106266446
430.8635128672565
430.87985304659566
430.89088161372524
430.89758920252325
430.95146590215325
430.9523882219736
430.9543538418505
431.00162817627916
431.0132081529847
431.0238522296821
431.03155513626086
431.04491846757503
431.07165670515974
431.0765279135114
431.12794542397995
431.1407667026309
431.15728835479996
431.178585750078
431.21026549672354
431.2115689079945
431.2193026862687
431.2491267295952
431.26218760992685
431.2824116263263
431.33583408703146
431.3490166090852
431.35545779273934
431.3665281029097
431.42784414525795
431.43132040326174
431.4362683327195
431.45009092716174
431.45859244116093
431.467776938583
431.52082190048486
431.54031453228123
431.5452238215089
431.57090590098795
431.59235836432947
431.6199343562476
431.62291152803596
431.62567891193623
431.6636094080751
431.67973810874605
431.6887649280431
431.71244318832834
431.72685866897956
431.7320396271136
431.7668535652369
431.7968229583148
431.81021288056445
431.85416784178494
431.86250310894764
431.86436060048834
431.8718380205442
431.8865921980948
431.9212388723591
431.943658252017
431.9634912922223
431.99250965398204
432.00189358130655
432.0033420210514
432.00811044815094
432.02955928374837
432.03496648268595
432.0925563591162
432.11529626563714
432.13323264960275
432.1531297646524
432.15615454895425
432.19027109498927
432.2130056745919
432.2131616545823
432.2648935803983
432.26565413208806
432.27684422127913
432.3176850350301
432.3287090414456
432.34786180067243
432.3611549102318
432.40462921891213
432.4414666035923
432.44235583611885
432.46134002615145
432.46537276329286
432.47947592777047
432.49663769803396
432.5422674830194
432.5549915293901
432.5570148458878
432.6159289844626
432.6227133990111
432.65257695766246
432.6677931744235
432.6774272891053
432.6928645257905
432.6931905632822
432.69945869475407
432.7227088479406
432.72800666591166
432.7501006885871
432.77102631886515
432.8062741508263
432.83458745530186
432.86185508934295
432.8719647222922
432.9006276847654
432.9017636690408
432.9087120394917
432.93219478377785
432.9517529095596
432.96788123501614
433.010532670105
433.01469618757886
433.0196497639222
433.0618137505017
433.0890448405065
433.09604465347496
433.14390545204213
433.15824105356165
433.1742145843292
433.1774288793311
433.20095691881085
433.22102357264055
433.2355322929821
433.2407836650664
433.254135475801
433.2746558749637
433.2783323126539
433.28459725487465
433.3128441715841
433.3622854792123
433.3964074720656
433.40055105570775
433.4173784796835
433.42517013512924
433.4492030779793
433.47927918473596
433.4812291826866
433.50263846904164
433.50842349079255
433.54836095615724
433.55593111491146
433.56860403971234
433.57278270251345
433.5766974923629
433.58220997533624
433.6148079892477
433.6173038120667
433.63697221664853
433.65053938261144
433.6691068419867
433.69093130105074
433.69608464599236
433.6972445510124
433.75602647602847
433.7621515194674
433.76434748554453
433.77099185649
433.8021670550686
433.8152476280062
433.8281380861107
433.84839253601064
433.8550665882717
433.8591619421757
433.90171796502784
433.918496201217
433.9705441187977
433.97636969865886
433.98292277571375
434.0165399308161
434.0243315195616
434.03221247136355
434.03843035391344
434.05302936118824
434.06797124141207
434.11243689326807
434.125299505316
434.1341007727939
434.163439864442
434.17230690452857
434.1997099591856
434.20928821074267
434.23379251092086
434.24883680970237
434.264889374132
434.2789260746605
434.2954122800326
434.31655083807317
434.3442523667664
434.34583933466587
434.37438597867066
434.39623630117137
434.4093609999916
434.42309421528637
434.440095615409
434.5099999339732
434.5152066042886
434.54643489640665
434.5490036726386
434.55288104892077
434.5721637625768
434.5896026831802
434.6101096973832
434.6195568231184
434.6441940634434
434.6633791897267
434.669758245695
434.67278235531205
434.69938432379445
434.708560519829
434.72226249231966
434.72596100527653
434.74919798929267
434.7527744384265
434.7603905345419
434.792306379093
434.83012892194785
434.834960596164
434.8624256272447
434.895415804408
434.9042790247427
434.9207891386739
434.9221262447993
434.94206101823147
434.99797092759206
435.02843890916415
435.035291754092
435.05602274747133
435.0677208605574
435.0727454906777
435.09521178228476
435.0958775425416
435.12725638592434
435.17324732326193
435.1864516221766
435.18701835634334
435.1929638651363
435.19426399149904
435.20335946709486
435.2314623937221
435.2420073014045
435.27076301285064
435.2722466196284
435.2833518493841
435.29856069560697
435.3308712351533
435.3525209277923
435.35282918742155
435.3699139841753
435.38156380097473
435.4026925809378
435.40966315823033
435.4347694829219
435.44212756368165
435.44234381819007
435.46962430242155
435.4797036768081
435.48482078169667
435.4937271343073
435.54561409014457
435.54645132422763
435.55907573807247
435.5800878789225
435.59767506458434
435.60253880644103
435.60462590837574
435.6306576317283
435.64251410865427
435.67120350802
435.6962543440654
435.6996323676008
435.7132976550643
435.7501724385824
435.7732401284628
435.7789265196567
435.7815040308566
435.80859455853675
435.81238520580604
435.84529604217516
435.85615056167705
435.8588294818124
435.9051773507708
435.9076516821808
435.91366615804407
435.9203503366271
435.9294482966873
435.9426426951964
435.9741633025207
435.9777740800822
435.9987237440077
436.0431648300413
436.06860710917914
436.0729196226715
436.07474844786526
436.08490335800656
436.13373383431997
436.13674025582856
436.16456816746035
436.17145757269304
436.18637247932435
436.2015110462286
436.2149969037322
436.22495421559984
436.2259812093109
436.25419994750575
436.27289315041617
436.2902696711412
436.3359443303813
436.3395205389445
436.35195628869246
436.35651749271426
436.3708747652924
436.3842089338606
436.40092777390225
436.4091138549727
436.41470078578374
436.43457481099773
436.448846984569
436.4646564334774
436.5049244805704
436.51857787550614
436.5309328329954
436.5442821137074
436.5824496682034
436.58451737471665
436.5995617849785
436.6414516934139
436.65432570761953
436.66076555436723
436.6927486398857
436.70371732281956
436.7040266351041
436.72305202607157
436.75295091591283
436.75634530460957
436.76677834964437
436.7904475721199
436.8091521409507
436.81252126875245
436.81489829079493
436.8264778925666
436.8338004455211
436.883535481055
436.9389193619671
436.9557631398495
436.96699987788213
436.974592929331
436.9856492349686
437.0041459656074
437.0398452891063
437.0876366178978
437.09336010948425
437.1121373933993
437.11611413511537
437.1327521954316
437.13587394630594
437.1398682722005
437.161843870031
437.1689414527357
437.1728269128293
437.1968977003961
437.20091626362745
437.2259691451872
437.2285540265496
437.2448395607497
437.2509972824545
437.2711761684767
437.2821923200268
437.2840096427095
437.31719373430985
437.3527025139554
437.3590513233586
437.36025213219364
437.37511137462354
437.4132616417071
437.4159954137096
437.4291378803505
437.4498399184586
437.466165210463
437.4667785557827
437.47649368948584
437.4813861168378
437.4892870548306
437.50868880770525
437.53082916794705
437.55818903969515
437.6069732661682
437.6135469397238
437.61694315693154
437.6236971726204
437.6442550632647
437.66679260304636
437.67261904479227
437.685652755762
437.6863435315241
437.6933882572251
437.7036935673949
437.7049218233183
437.76657420072314
437.7969637738905
437.8108907986554
437.83131913865503
437.8436119347703
437.84905205710504
437.88265040898534
437.8863289602592
437.8898088049285
437.90224487396216
437.9189651374768
437.9222712916758
437.9356958945086
437.96498553723916
437.98368039119816
437.9939177931575
438.00439024066804
438.04826377667786
438.06569009970417
438.0691321537633
438.0973813551534
438.1399389759085
438.1521668043796
438.16115990888807
438.1646392057813
438.18400020277664
438.18684166659204
438.19953352357675
438.2179133896438
438.2415541461535
438.2490578326979
438.25957160765
438.26442069257905
438.2923357642082
438.33241073693205
438.3411702829424
438.36348930320156
438.38327056041976
438.4119997211753
438.42022642615365
438.42169817888214
438.42406630321784
438.4290450853429
438.4483646647967
438.45283423292494
438.49174398223676
438.49784042526585
438.5195332453277
438.53476328048663
438.5477067854253
438.55959156213675
438.5951866968381
438.62611602845016
438.6346858589814
438.660804455208
438.6859403414622
438.71676013936525
438.7255303571728
438.7303716705722
438.73114164158017
438.75854955143507
438.8090953588411
438.8149934376064
438.8366769379898
438.848515000026
438.8599070764049
438.86136887289393
438.8980721581417
438.91990212415305
438.9260073169624
438.9349654223692
438.9400886492681
438.9429940012515
438.96794164093996
438.9971643874529
439.0075717424645
439.02982537520097
439.0440571526732
439.0517465618624
439.07533284367736
439.0825349290932
439.0910126705072
439.1039619011759
439.11382406526775
439.1476408744458
439.1643189300641
439.17085449038836
439.1825679480857
439.18303947211
439.21833672321014
439.2294139444477
439.24109989170876
439.27556541949673
439.2807046713976
439.2840498363238
439.3048106671505
439.31421927613883
439.32761536819817
439.33230629275755
439.34256694617795
439.3590896019599
439.3720520049194
439.4143501281549
439.42019069472343
439.4217969629104
439.4353579008927
439.43637466684817
439.4720767219376
439.4876523444663
439.4909495840417
439.51812294194224
439.5367800566748
439.53765304690023
439.5493049875275
439.5534559702874
439.6099825194119
439.6129875264055
439.6313553934106
439.66650530302405
439.67933980102686
439.679603815482
439.71976412859266
439.7355858322093
439.73818786552675
439.77426162587705
439.7857873179607
439.8004170512635
439.8217366887398
439.8252703591286
439.84445953388627
439.8454875335441
439.8587961782698
439.8720013283646
439.88838176282536
439.9359300585659
439.95168956879127
439.9655009929865
439.97874998335936
440.0140296008903
440.0197794393279
440.02859995803476
440.0510260776104
440.05396226376786
440.067867293601
440.0889025688597
440.1013379302138
440.1200043766656
440.12605130620733
440.1450902125287
440.16647312530745
440.1750163596556
440.19018706251865
440.2019952112047
440.21641944975545
440.22376228105765
440.2346978770663
440.2451709662812
440.2626528674455
440.2741957606376
440.287940260765
440.30246758495207
440.30829123838294
440.35734973865624
440.3577686965583
440.359439270316
440.37751803868315
440.37942276188215
440.39609818830206
440.4082781198397
440.4247631311716
440.439041998166
440.47102790971405
440.50025727771646
440.5194771726393
440.5326760607816
440.53493541961666
440.54279556332517
440.5595163074675
440.56209440176184
440.56609650053935
440.60799346589835
440.6251033490859
440.6296572933483
440.6314280077311
440.65028060969894
440.65123100963706
440.6520343067591
440.69986517313777
440.7186707348479
440.72502225413194
440.7309247177279
440.73107681296824
440.73237570258317
440.75238654412755
440.7555014244786
440.79840590979774
440.8006975785127
440.8017856606389
440.8565722843225
440.87434048196843
440.87623554088685
440.89976435033435
440.91535964465794
440.92188439040973
440.9290137396019
440.9353496075894
440.9763293886679
440.98458869872434
441.0301802781269
441.04144534830635
441.0564887445497
441.07250144733797
441.07565208954355
441.08865510092284
441.09961006461725
441.1004076107883
441.1328427967984
441.13595181492906
441.17030966924955
441.17802233621904
441.1959621317532
441.2111163524488
441.22233312749415
441.23951514038134
441.2552314976056
441.26592000993435
441.28482730839767
441.31044668177344
441.31103115582596
441.31770760108276
441.3343123999423
441.3524151002036
441.38174254461285
441.3819905944832
441.41686820836134
441.42597216865136
441.4382915928726
441.4477203708477
441.47002215563026
441.4706729024155
441.4851063352542
441.4977110199627
441.52886691141686
441.53194040895465
441.5457740890297
441.556491657394
441.57080821594974
441.5843097345551
441.61196296257157
441.6180879069215
441.6467354324736
441.65151068763276
441.6800923820165
441.70625733250785
441.71413921001806
441.7225981098551
441.7294871139088
441.743287359876
441.8075622795594
441.80791600108245
441.8189298046877
441.83763260560545
441.84499548014026
441.8509645226166
441.8575572539982
441.8744341464149
441.87956384699635
441.88728487236443
441.8935930816524
441.90112849773743
441.90277716379916
441.9346317184048
441.9771318926174
441.9819292071966
441.996487823513
442.040101560359
442.0429267312815
442.04352719652127
442.0591607936328
442.0831369997028
442.0873121642453
442.100241435063
442.12776902148465
442.13916629995515
442.1401898471117
442.16170629757977
442.1750987774182
442.1964043657537
442.22736835352316
442.2304364389219
442.2407581888132
442.26256399053216
442.26273692452446
442.2712462283805
442.2918008129279
442.29802473159725
442.3329667836993
442.3432887556075
442.3559933931377
442.35763135760754
442.3689923369983
442.40092738964563
442.40366819574166
442.42171889037854
442.45582028680354
442.493647324795
442.49428619682226
442.49767776229623
442.5081537013553
442.5115905816824
442.54847224436094
442.55869883008535
442.5685398043939
442.5905615731776
442.5907820129795
442.6083898843594
442.6172065409955
442.6397752405127
442.661087204592
442.6688142310199
442.6729965270955
442.6890970206892
442.69373590079306
442.70327099820685
442.7251363699409
442.73853593564286
442.7506814795533
442.75402302059024
442.7795464262134
442.78053666223013
442.78701007115575
442.81685936665554
442.828829634451
442.82997975699305
442.83895091764697
442.8798728205613
442.88738732211624
442.9067105345409
442.91125780500647
442.9113380770381
442.9264172230553
442.96118802535705
442.9781650212487
442.9897512108036
443.0228174282277
443.023049673332
443.0327877694427
443.07364620689077
443.08740109530146
443.0879504218753
443.0961265061998
443.1109170708484
443.14949573628314
443.1526430693582
443.17404475333353
443.17816905827186
443.1897563255715
443.2026753280231
443.2042213027655
443.21651473076577
443.235962934339
443.25385866244636
443.2750690332893
443.30908386197154
443.31757669527656
443.33308444675083
443.33849022984447
443.3492896462545
443.35244452437087
443.3842409687671
443.3964258861335
443.3993219772792
443.4152411346288
443.41780583650467
443.42448075260626
443.45319963597416
443.4623591667359
443.4651800310047
443.47442885700735
443.49063221690625
443.52895929417366
443.53045755381424
443.5325678039754
443.54655481420576
443.572922529088
443.6364515652745
443.648070111983
443.6514144515841
443.66211846881606
443.66943930250903
443.6697565750157
443.6699262091013
443.6970467003216
443.714378918853
443.7325556745787
443.73363194679945
443.7700099363449
443.77751464831556
443.7924059294266
443.7965765779165
443.8070001650998
443.8307426353894
443.8630560899052
443.8649344913967
443.88524726418433
443.88776414119
443.8949048575533
443.9146651287632
443.94459545152915
443.96456003441506
443.9732007102412
443.97629558226197
443.9770265483222
443.9916010418697
444.02810572466984
444.0343829486312
444.05765784406924
444.06456512184843
444.06824782325646
444.10156374881757
444.1057755044161
444.1086479307219
444.12451320882224
444.1254610314425
444.1403920507438
444.18310432545604
444.2013014887086
444.2082370491651
444.2089855879297
444.2310995867765
444.24421153182135
444.2619593898451
444.3041113501423
444.3055122168187
444.33494824662597
444.33981144141
444.340012033326
444.35187793309706
444.3605116052782
444.36799770643546
444.3738134258607
444.4036653346303
444.4263671834769
444.44401155715394
444.4629544292977
444.4864224850577
444.48813984739814
444.5046346738301
444.50741084830224
444.51894010743683
444.52154249858773
444.5444819762744
444.56247630859235
444.58114669882156
444.60380467485214
444.6067522277145
444.6074637227002
444.6304797450328
444.6424592381571
444.6502892251013
444.6537426804984
444.6573480294817
444.67558557947126
444.6989495081515
444.7145164775408
444.71967591478295
444.73673270221593
444.7376121213525
444.74218216845077
444.78087404648977
444.8041645669728
444.818244182178
444.8326105409115
444.858541047743
444.8650428607785
444.87430656036486
444.90206947453936
444.90790948213277
444.9121903396826
444.94060369451046
444.96192392202386
444.9718499645404
444.9913211506565
445.0184953967778
445.02106667851456
445.02840417442167
445.0339031756727
445.03773916529127
445.0550312449103
445.0809820286259
445.0823527441941
445.0870729695464
445.1152394505545
445.1280637507246
445.16518170315817
445.18115189841564
445.20038533490174
445.21615458625985
445.23131111288296
445.23604988957845
445.24369377399546
445.2638700536855
445.26795713775766
445.29964781721435
445.30363490555175
445.32352826917406
445.32733167918195
445.3290358064188
445.33198131366163
445.3504768133021
445.3546425641003
445.3900117340653
445.4231144052398
445.4533355053167
445.46232470655497
445.46394029633666
445.46525587548115
445.4715112472494
445.48332079458953
445.51678200301325
445.5212523662932
445.54973244048773
445.55326475493115
445.58788853000084
445.60594692216614
445.61946225506244
445.6399511252648
445.6441502997344
445.6468829422721
445.67830885532567
445.70183157379614
445.7160637702429
445.7277585603821
445.7407782231904
445.7416358645661
445.75476268577546
445.76329240200505
445.7658513126231
445.78003580765005
445.78391962544066
445.79526856344114
445.81554955660187
445.86754000763324
445.893960140146
445.896668823186
445.9011869115398
445.93370964747396
445.93770068480256
445.9449319505024
445.94618160912
445.96127302257565
445.97253458964104
445.983392289271
445.99900290181597
446.01269059024787
446.0314823433488
446.03878219970227
446.05131883762
446.0581944272554
446.0742610374342
446.0864097198975
446.09083208005205
446.1093421606616
446.1247247611956
446.1507758114085
446.153099002039
446.1568721747003
446.15726956635297
446.17661974509116
446.18182943819176
446.1920630238283
446.2001858425841
446.2273360168348
446.23601699290015
446.2488345531236
446.27579329887203
446.27966214416875
446.29155189650163
446.30824509514474
446.3265087066815
446.3277415117654
446.358923654864
446.3602441294686
446.3770398172158
446.3854393590878
446.411201475077
446.42941280876585
446.45001451810003
446.4918930142587
446.49991373608964
446.50767604632415
446.5083247699453
446.53119139829755
446.5313463934443
446.54107155948884
446.55285354255426
446.562317094633
446.5758492730265
446.61080168284786
446.6264929484485
446.6382451552856
446.6419714695634
446.6772088952497
446.68200965788736
446.6919539059505
446.7042938472256
446.71752687907014
446.73718247145587
446.738994513827
446.7441855129629
446.757472752042
446.7769326201586
446.79950376260877
446.8004079679017
446.82455631289724
446.83246061913565
446.83566337253546
446.8737224455713
446.87409391265624
446.8803308930164
446.89292653048244
446.8965172568452
446.89917913216044
446.9396241849907
446.9407561727656
446.9556132297135
446.9586888604851
446.96525507388077
446.9859207044321
447.01413763887035
447.0343246725021
447.05195374496896
447.06484822393395
447.0741276686581
447.0797901724212
447.08551347059154
447.1182943888121
447.12158027586065
447.1426283913976
447.15628545296374
447.1577154154231
447.16436037263253
447.21885571829193
447.2572922035071
447.2619514473972
447.26960772824174
447.27422688203416
447.2766667023621
447.290563236094
447.29196433849364
447.29967280054973
447.3069158872673
447.3128260634321
447.33679350571686
447.3596764836237
447.36281833632574
447.3827806079962
447.3873043519272
447.42080805535517
447.4466968906851
447.44986501451467
447.45294464012767
447.4758036803978
447.521640408784
447.5252107237748
447.52626754956276
447.5265045903412
447.5490970193636
447.56135905649944
447.5869893661476
447.5891095102241
447.60382196508556
447.6136672071551
447.62097571617
447.6241588897323
447.6338261943122
447.63791726705864
447.64258636960125
447.697074130987
447.69978956884927
447.7068773636117
447.7177911926425
447.7292612712653
447.73214028086926
447.7503182105638
447.7717579189519
447.7873617555802
447.793962727666
447.8175710030679
447.8188677032755
447.82863469904174
447.8757044101536
447.8794696067285
447.88115239322076
447.8819840699671
447.88822349450805
447.91494376025594
447.93859976903474
447.94512951821747
447.95817633247765
447.97923760840405
447.982263737028
448.00240427787054
448.0342555088804
448.0365222075527
448.0522032023521
448.0594228669205
448.0802368524885
448.0856041223858
448.09834851938325
448.10972540564046
448.1445539275596
448.1576205144058
448.1800929784444
448.189540167365
448.1909953258956
448.2076568548335
448.2096300839865
448.2132500727109
448.227752185486
448.2606755711116
448.26573530272395
448.27834636943606
448.2851528790338
448.3363932861913
448.3424609301829
448.3491646828984
448.3560898478185
448.37413924710995
448.40129150698004
448.4214812519767
448.42791465569337
448.42992908399054
448.4351118264832
448.4667016184694
448.4787948495709
448.496613587434
448.5004096766112
448.51153437753726
448.5151288361155
448.5207878872352
448.5350991123101
448.53667840392706
448.53945804207655
448.61018157110755
448.61940893653224
448.62457156629495
448.6328004919885
448.6476642075878
448.6558904187044
448.66443807966084
448.6876755551856
448.7072930314009
448.7199952527216
448.7556491482855
448.76214401700605
448.7621876585157
448.76812394772054
448.7869103315052
448.7915252385475
448.7965656166512
448.8065782198292
448.82534072727134
448.8436033058412
448.85883261025776
448.8700561330591
448.874763731613
448.87978498689125
448.890125271836
448.9250383897258
448.9345920860368
448.9393243450388
448.9493092649597
448.9586047768968
448.9894058036123
449.01213711855274
449.0180077642082
449.01853834494347
449.05782323887433
449.08072678336805
449.08977890394294
449.0928862265804
449.1063809640482
449.1136114584233
449.1245066230572
449.127881519592
449.1282184195323
449.14390461840213
449.16928158789017
449.2021814257102
449.2050827159963
449.2174100077951
449.2303249062729
449.2380914874535
449.2389299976979
449.24550884362844
449.26289980206485
449.30541763681515
449.3135609757991
449.3224153285541
449.3280379651202
449.35193582391287
449.3541976581908
449.3921321839022
449.3960181730084
449.4056166696873
449.409591580565
449.42113416804085
449.44394444522004
449.4517377978807
449.4633538554106
449.4915176451493
449.499209087113
449.52945810058924
449.54404363355894
449.5463848647309
449.54762792678656
449.5593322853725
449.59143355925625
449.61718144411
449.62124627503977
449.6306169340153
449.63273848508254
449.6625685771156
449.68419868085437
449.68934278385586
449.695106887601
449.71031919867966
449.7114092362767
449.72842713648424
449.7501531968233
449.75235788461754
449.7556027231454
449.7623476065906
449.77793331831776
449.7957311412798
449.8427695125178
449.87221647836515
449.8743921597265
449.90520637739866
449.914393584015
449.9145708546976
449.91608041022886
449.92723010990403
449.95354664177984
449.96192154731847
449.97355637708637
449.9842784761183
450.0148636329312
450.02171596048055
450.0287523467649
450.02941259562135
450.0534399047317
450.08891102863043
450.0923845508542
450.1215856553804
450.12325940007526
450.1419628290136
450.14356615528976
450.15117539038016
450.1589486105021
450.16725204229067
450.18299113236606
450.1860522609882
450.1886602839733
450.217972500401
450.21869093966353
450.2375515196475
450.2497427226175
450.2612747518656
450.28766458286617
450.31718676853137
450.32341936840544
450.3521644295826
450.3577064353527
450.3708778018992
450.38240757303447
450.40354490887574
450.41196001518597
450.4251167727974
450.42794642708384
450.44051485902844
450.4425491901292
450.45307037687303
450.49666593668985
450.5047135283995
450.50885758884726
450.51769899338115
450.5237665921086
450.5419988596787
450.5444425559779
450.55699094065864
450.5740629204742
450.59514483057427
450.64389392086866
450.64911278070616
450.65695808754384
450.6609477167856
450.6787330598237
450.6820987245765
450.70762139105517
450.7339466569549
450.7351676329759
450.73812875503825
450.75120575311394
450.7816359165927
450.7885254386877
450.8092544358723
450.8246413813215
450.8246610731996
450.828464554181
450.8453744269327
450.8487635093986
450.890382022984
450.9356954364478
450.94773377407785
450.9669822575926
450.9735597681811
450.97734182531207
450.9802004834044
450.9804501336181
451.0038150454548
451.0153127556658
451.0357583469625
451.05284562205173
451.05853265673034
451.06633416953014
451.06737251982577
451.0746059847998
451.08045307617834
451.12983735851014
451.14480663360035
451.1486176563769
451.1518328158815
451.1538205727835
451.15490934288334
451.204225032061
451.2117839941828
451.21447177957424
451.21628420714666
451.23110829763476
451.2317538287684
451.27861113918914
451.30199100081205
451.30335745708044
451.3146219704284
451.3330962428694
451.339314069919
451.34803556119897
451.3782372107822
451.3965746185714
451.4019676200354
451.4160742210553
451.4211943723954
451.4281964480739
451.45162699275977
451.4548280375302
451.4702639488993
451.4925655054299
451.5224857422709
451.5324076278138
451.5382897877853
451.5684547292995
451.5739889133503
451.5844236186311
451.5876482738467
451.5925087322854
451.60020211519753
451.65211456118186
451.6629598310302
451.66687660824135
451.6683795998621
451.70556551172695
451.7108340281357
451.73152441777
451.7334954756948
451.74095822253923
451.747587143257
451.78887896986845
451.8144799002833
451.8151368841855
451.8419807807487
451.843838155287
451.8461944408735
451.85317706675517
451.8614889953027
451.8894520117445
451.89481444856057
451.9139039445102
451.9268242962361
451.9297994146791
451.9687385868956
451.9698753642531
451.9766574607205
451.98677342328887
451.98690699121823
452.0234660750369
452.0286200139258
452.0455551421238
452.05356523427764
452.06684691236836
452.0681206331669
452.1053263543057
452.1060469422154
452.12164030233066
452.1271527004194
452.1289594782093
452.1313799519955
452.14283453926873
452.16844211385103
452.1722851029826
452.1924523390069
452.1977284718382
452.2142445577258
452.2260160616433
452.2514298364046
452.26708593151926
452.2716779591325
452.2820922359264
452.29446861283606
452.30510349913936
452.31477492991564
452.3474788247573
452.35371039732445
452.3540293078095
452.37410493954854
452.37712510323115
452.4104945723221
452.4245421120169
452.4245922477818
452.43200462858846
452.4427457237105
452.4853215150409
452.4857663328372
452.4951355733588
452.548589080996
452.55983585992607
452.57346937267164
452.57650103097967
452.5839168643498
452.595429789937
452.59798862646636
452.62078477847695
452.63732566189566
452.6450081553226
452.65967073340084
452.6837105138724
452.7144582537823
452.7335250188246
452.74625858580293
452.74734172883
452.7611627985161
452.76647541546356
452.7911564650152
452.7982057868359
452.80031951704524
452.8039706813542
452.8224813414574
452.8396807934335
452.86279219093495
452.86770050984524
452.8678734627781
452.8973021236051
452.90482118905777
452.9079891776833
452.9223063407714
452.93205128149197
452.93458488982577
452.947886147763
452.96181785936585
452.96874072707897
452.97064409023665
452.9960048613314
453.0210886664384
453.02346922943025
453.0312059530707
453.0391601616461
453.05103954397725
453.05457428863167
453.0893324395295
453.1306421529175
453.1314635838835
453.14127006062853
453.1443046943059
453.1882199011906
453.1941129238463
453.2193331065953
453.2269426170659
453.2282995273807
453.2367224343321
453.2551782550096
453.2685454914859
453.2896016774524
453.3143248189981
453.3335264404363
453.33682063693954
453.34179474524984
453.3509489690979
453.35988795828365
453.36005625489514
453.36674180645997
453.3759221099556
453.38735219660504
453.3910735571493
453.41504845833634
453.44937510193887
453.4753901738502
453.49571702977744
453.51002067161045
453.5148110720431
453.5212682742038
453.52766710307526
453.54348815552447
453.5463081073956
453.56812887103314
453.5906064084251
453.60989212026834
453.6113085076573
453.62559127032335
453.62644872924795
453.6462625625046
453.64684569967085
453.6481178622784
453.66396032940185
453.68550552708587
453.69135825130434
453.6979881253326
453.6994699006645
453.7098436616825
453.73202982510776
453.7605701083493
453.76628250121036
453.7768174412432
453.8159042073896
453.83190513343374
453.8374393259211
453.8563161243221
453.8573536903438
453.87742197245876
453.89419470704536
453.8977027897221
453.89981005753395
453.9104880172396
453.9160004511996
453.9624090642156
453.9749179248368
453.98752317505705
453.98783071008097
454.019139066411
454.0275697846046
454.04552525742963
454.10449669079406
454.10922190346935
454.11066108518327
454.1204256977117
454.1346590412958
454.1517870423595
454.16185096006
454.18618667938324
454.19483594050143
454.21047335894986
454.21828515415166
454.219472345582
454.23170216044247
454.23430433094325
454.2368376154236
454.25777054554453
454.30168528950594
454.303951268104
454.31046908722624
454.3263358011472
454.34818840579845
454.36325876121344
454.37559813788454
454.37576267255685
454.40343835560884
454.4070218488839
454.41490545880094
454.42684212045504
454.42961467401375
454.45387464999834
454.478406984202
454.4836381453069
454.5142856332701
454.52661685814485
454.5302205354141
454.5459304051808
454.5484553882762
454.56377476358756
454.57473621063434
454.5874749825602
454.5943710067641
454.606374576858
454.6124014943254
454.6176261498797
454.63594397382354
454.6730953721875
454.691488814912
454.69956548007104
454.7054649775503
454.71925315601203
454.72486318255955
454.7321095196044
454.7329576190015
454.75620059624976
454.7618610230142
454.7825594675848
454.79446505618046
454.8278401236389
454.845378711397
454.8457884260808
454.8791580900771
454.8799929441606
454.89970850702224
454.90614922693493
454.91409566629926
454.9160760645237
454.9339273698506
454.9459787113656
454.96769279066314
454.9738356940649
454.9746368362133
455.0051415092087
455.0135724566444
455.0234125264245
455.03336252498
455.04851809728405
455.0517718776458
455.06810566814096
455.0753167135456
455.0956129349697
455.11035568820824
455.11169645057595
455.1438101495112
455.1483715046888
455.1506092044867
455.1609721905183
455.16385385654
455.17032628772193
455.22589821424407
455.23679835037376
455.2400977677714
455.24467637169164
455.2506506441418
455.27044657769244
455.2850525980886
455.3124548681953
455.3296267182594
455.34027244279076
455.3550011101935
455.3597640155406
455.3603540840677
455.37349112774444
455.3855551485512
455.41242389564115
455.4343016493052
455.4439751551579
455.4458143958829
455.4635515828509
455.4829123548051
455.4915773163271
455.49992644307883
455.5079669098401
455.5286484060388
455.5629082931094
455.5781322147416
455.58193635792793
455.5957416958911
455.6129285857652
455.6194831872941
455.62372662901583
455.63052179830396
455.65750884560777
455.6892738155682
455.690324892917
455.69718973661026
455.7371789286898
455.7493233293942
455.7495013074282
455.76766752374135
455.77488016656065
455.78142539187576
455.79658161449396
455.8110296457827
455.83232906627734
455.8323489774199
455.840963347738
455.8447846172497
455.8537463636566
455.8715352141228
455.88283072098244
455.8901426686833
455.9077102748391
455.91576893924065
455.93497379265426
455.9486420374471
455.96547086839763
455.98309046385026
456.00288252303505
456.0068586954572
456.05217668202323
456.07057818362637
456.0789572636835
456.09366611251465
456.10028418454374
456.1125417393561
456.13209261484724
456.13856826844454
456.1534610784174
456.1722254296137
456.1790845486672
456.1800492592931
456.1876618435092
456.21627891066385
456.2304993439211
456.244795147656
456.24539155231093
456.264266142996
456.2719625001629
456.27399324343423
456.311931889726
456.31824926279904
456.3191500923451
456.3270948104335
456.3341895786538
456.3527233748709
456.36968719673587
456.37108506831726
456.3768938302062
456.38028188552266
456.39246645148614
456.4057573261258
456.4392212964452
456.4470697850396
456.46108238437574
456.4805536525515
456.50815052320195
456.515356611701
456.53465598159136
456.5352719654147
456.55104916527904
456.55725008446825
456.5704662373575
456.58805678964353
456.59366327811125
456.6008526173099
456.6079771066202
456.6206556436664
456.6372727055372
456.6483922525163
456.6567491562419
456.6584936359843
456.66910218310244
456.70930193974255
456.71736094077426
456.7254469527622
456.74876254604106
456.75035278135283
456.7519561080267
456.7526346883519
456.7818570267768
456.78546529530774
456.7870258538545
456.83106484599506
456.8404637766767
456.85587950698545
456.85754982584933
456.86057342734904
456.8738289765023
456.9001543929818
456.90126156480596
456.9163044204651
456.9481298312072
456.9602831649398
456.9646694499496
456.9744977871064
456.98816325453174
456.98943492225305
456.9922484213558
457.02001347505524
457.02615362716944
457.0600469346294
457.08748176046095
457.0999310066484
457.10367061245233
457.11691241047953
457.1261817778482
457.13765022728404
457.15659566238554
457.167445524173
457.19449062551456
457.2043340587194
457.2095714570868
457.21510071609373
457.2250298089146
457.24394797747414
457.24819660694396
457.2581917548582
457.2652158460352
457.2726982709026
457.2937916040176
457.32535018428615
457.3356279261342
457.3446341627424
457.34520644677
457.347011724068
457.4010538310237
457.41811083350046
457.4256598063938
457.431096076666
457.4453476416906
457.44752493313166
457.4671622275122
457.4900669413946
457.5142682225562
457.5206519481868
457.52653450643663
457.5385998166921
457.56613795773734
457.56645974419024
457.5783037173619
457.5857344491293
457.5905326362217
457.6286346584422
457.63421616944385
457.6499842251717
457.6641574100861
457.66732977604727
457.7147405154649
457.74269182702665
457.7448549233777
457.7513859088617
457.7556096498081
457.7583221563345
457.76069900872835
457.79717599892933
457.80246191226115
457.8077049603504
457.8215996322071
457.84934930603293
457.8758343066504
457.8835453721167
457.90100412646495
457.9015511715856
457.93104713858037
457.9349334566684
457.94251432594723
457.9617638816759
457.96606313028036
457.99203382474684
458.0239782069329
458.0318425885774
458.0336293234126
458.0557729009322
458.06407889319615
458.0790420631282
458.07938562952233
458.081664002738
458.08785825547386
458.0985594896447
458.10285969484
458.1312718817236
458.1525195988352
458.1611885525879
458.1613354294247
458.18453506423
458.20075139291987
458.21252580928996
458.239884634503
458.2439378083339
458.25635110783014
458.25854955471374
458.27335520380365
458.27637424898677
458.28991489771266
458.2980533332506
458.34054069626495
458.3463184524709
458.35814701200553
458.3753273829889
458.38542289505335
458.39152476521195
458.3918004351105
458.39584467922083
458.40565552202054
458.43980790860456
458.4545792462428
458.4606238103003
458.47609641048496
458.47996435843197
458.4978090969546
458.51877549147287
458.5236173909159
458.54182589954974
458.5533976090236
458.5682861980629
458.57589683664014
458.58196225833535
458.62048060697754
458.6285671255309
458.6294192384151
458.6691349262198
458.6802303346278
458.68676307612486
458.7102152030081
458.7161135068048
458.72883835574623
458.7384507088313
458.7420700458387
458.7429355255362
458.7615410252709
458.7806758508165
458.7822726041092
458.80277526149723
458.8074786409928
458.8305598445365
458.8568287598911
458.86456662863213
458.8873459527733
458.8975437558786
458.91409752836347
458.9320381733278
458.93704810594136
458.9473372927252
458.9501345278967
458.9733461432225
459.0044200875203
459.01271075461165
459.0183051592295
459.03147337608317
459.03539625144106
459.0383796028049
459.0473932600095
459.048924090276
459.0623383166213
459.0665401061353
459.1016643354106
459.117149568821
459.1305660930393
459.1356554418336
459.13703900154
459.14810742499094
459.1757353567289
459.18150459412465
459.2148495152942
459.2418610115413
459.2692600195057
459.27271836621577
459.2830982824715
459.30231714373184
459.30336256270573
459.3218538711709
459.3231211703723
459.33006395087267
459.3448580983329
459.3490421486093
459.3624842541099
459.37368062484256
459.4035454325131
459.4093678653368
459.41120038858753
459.4232859565855
459.4639456000991
459.47172935499646
459.50230521921003
459.51280255370074
459.53382594817054
459.5367025210822
459.54495957244933
459.5727222640809
459.57996025664494
459.59606328817307
459.60723396759136
459.61318176642425
459.63310756029585
459.64639815353746
459.6526830921571
459.66248765215335
459.6639917717473
459.66564114738145
459.70809102655835
459.71947658250235
459.7269430950149
459.7497644579202
459.7584673319091
459.7712987218026
459.77788472502635
459.7993072095768
459.8138391987723
459.8402847633528
459.8617655776065
459.88200264999085
459.8857593734146
459.8936904637049
459.898263409951
459.9169222126569
459.9175839525372
459.9316865810589
459.96984070452953
459.98249681068245
459.9896983185804
460.0135214263026
460.0161605338386
460.03526446450064
460.03980137491277
460.0497001574073
460.05357228023473
460.0873223236168
460.0951298528711
460.10725606749145
460.11761185826765
460.1186514445262
460.13101836791225
460.1493767588547
460.1519357134465
460.15348833104036
460.1800193282694
460.1959508628758
460.20537635275554
460.2133896793027
460.2292144877864
460.2372317491129
460.2512835621167
460.27639546745695
460.2837570820463
460.2849493803722
460.2971251654892
460.32035874019647
460.3217150635378
460.3473764319053
460.3579708817983
460.3743818981762
460.3874761505977
460.4021677759078
460.4047801984995
460.417457815063
460.4416445078427
460.44855363900484
460.4649156671986
460.4668755591205
460.49467499235215
460.50019278868103
460.51822998252135
460.5443987043508
460.5455450821214
460.5594830648285
460.57507974761313
460.57941148540795
460.5852778146131
460.6202927300637
460.6361102726781
460.63788725601233
460.6423182384307
460.6581862163566
460.70274041099685
460.7077454510553
460.71010131885663
460.7233122702398
460.72956624961523
460.733404165083
460.77130376243394
460.77529190037575
460.7858559405002
460.7874348462474
460.8146344404769
460.81995567400395
460.82896729574804
460.84459619341396
460.84619724377234
460.8569182891069
460.87650680208645
460.8782590510769
460.8968309898895
460.9201281794924
460.9226893103229
460.93540547209017
460.9467034547146
460.9515963217645
460.9928606071621
461.0020106490617
461.0171902000291
461.0389439737129
461.0464061771227
461.0545292638497
461.09445414766793
461.09856685939155
461.1240081065294
461.1330653138158
461.1528070558401
461.1654312958114
461.1772419061933
461.1908878958922
461.1938384860592
461.20142693256685
461.2090616985529
461.2208443024363
461.22944941644903
461.23705097637884
461.24251805161026
461.27718622714457
461.30070151700795
461.31160457667056
461.33347296100965
461.33526087066934
461.3357345396439
461.3398342063853
461.34875944597655
461.35543486994084
461.37901205064713
461.389048242257
461.3936946263139
461.4105204538117
461.42634902748296
461.432245461507
461.4729394352763
461.47819898536966
461.4791623234176
461.48319427650335
461.4968886769579
461.50424296834325
461.5307324555778
461.5601383346316
461.58368616407466
461.59578360893545
461.6131578818492
461.630195994392
461.63402401309753
461.64100495158226
461.65339825234383
461.6602578236146
461.67355988848567
461.67523674627853
461.6808884606629
461.71081198033505
461.72270104409995
461.74311357855277
461.74650723815176
461.7636556045253
461.77963685466085
461.7817516674681
461.7823333022803
461.7993461193358
461.83138378325776
461.8722293193226
461.8891822081625
461.88974581950447
461.894365914682
461.90430383038597
461.9206633797767
461.9382194853491
461.9528543239903
461.97409589496334
461.9885138617016
462.0014259456362
462.0056486966616
462.0122312911487
462.02799877451474
462.04419548724786
462.0483322329951
462.0627290615628
462.0816895780985
462.0875165080801
462.094208210651
462.11531636264885
462.1228965632756
462.13899311772514
462.1578153527228
462.1615710574862
462.1813746585805
462.18616613017423
462.1925937217316
462.22518670556724
462.2323817185344
462.24013338834965
462.2498709953356
462.2544626691223
462.26536180926627
462.2835768766003
462.2932770243226
462.31772210906735
462.3216338055235
462.3258433477639
462.33734647338093
462.36890560590746
462.38413986658577
462.39105129247883
462.39132773361365
462.42514654998115
462.4610691612137
462.4711809453257
462.47314062790457
462.49185971987737
462.5184391643647
462.52261767407884
462.5442767655332
462.5618583796234
462.562214390133
462.5658439815553
462.566690716497
462.6270335454968
462.6318490009647
462.64354156191604
462.6512318533012
462.6562870473842
462.670601555953
462.6806294640068
462.68221820653935
462.6959037750143
462.7049053642284
462.7184559130579
462.7220809495861
462.73459779981414
462.74900390540904
462.7546040928127
462.7601189127584
462.7671983149329
462.78784808822104
462.79301357518693
462.8355403465343
462.8466456658995
462.85439744677984
462.86352252344534
462.87499271595607
462.8795311690764
462.88144369479386
462.8902484158265
462.901157585179
462.9060660879933
462.9203854946495
462.93370749384803
462.9342876014911
462.97436576492424
462.97743453358333
462.99364129596086
463.0220775144785
463.0248792759583
463.0277448891541
463.04252870053153
463.07924478269223
463.0924644072847
463.1082541333304
463.11641692216295
463.1506727313414
463.1571001827204
463.16174332020097
463.18337110322085
463.19675164132394
463.1984981634726
463.20335943359487
463.21897232235585
463.22303194808916
463.2473053982553
463.2523048249298
463.27019702101325
463.27502705731774
463.2924431817813
463.3131071287076
463.32314068926536
463.33717310519376
463.3661989636807
463.3734631580508
463.3760324312587
463.40183735936137
463.4073931942154
463.4153404392455
463.43614550232525
463.4607535964514
463.46137259741374
463.466658378024
463.4785445194779
463.50728256312584
463.52330985991284
463.5360535944425
463.54497171365824
463.55292683896977
463.56440161562057
463.5785191951986
463.581029330786
463.5883590572519
463.5961354274276
463.59635175826156
463.61393891804
463.63429349998466
463.65378226322485
463.67491445759583
463.68171449653386
463.7054295497767
463.7126207884349
463.7307630948567
463.75420658194537
463.7547471267766
463.77437305734105
463.80784378810563
463.81002018398425
463.81127752952483
463.81906533354015
463.84278764693426
463.87236160133824
463.8754867426745
463.8778485595361
463.89428588711706
463.9273011251779
463.93166744843523
463.9367785651945
463.94233934193943
463.9436702212302
463.9613313342751
463.9770909520602
463.99706423449294
464.00943038352955
464.0147477487794
464.0289885571783
464.033450509493
464.0581339901389
464.0787734842449
464.1111173576803
464.115581423061
464.12567716715523
464.1312701279188
464.15841675420546
464.1711079277108
464.17231125073397
464.1880505662166
464.19577214195397
464.19852734127596
464.2367483321818
464.2413588955842
464.2602809855499
464.2745899652357
464.2801582732166
464.2896907642897
464.30574090059855
464.31633178244556
464.3449962352839
464.3489006620385
464.3582720426233
464.3593438922168
464.36847654426543
464.38680949461434
464.39982740319437
464.42314346064825
464.46699693752765
464.47506925752435
464.4811289345892
464.48604999247027
464.50359744085415
464.5131700088533
464.522125353292
464.5276858255981
464.52901680111603
464.55339858471
464.5565149433148
464.5613806260139
464.5758718942029
464.588976610397
464.6353493104016
464.6434793199175
464.6490495991333
464.65091751939457
464.65411881564677
464.67747793626023
464.69470566024114
464.74265488965807
464.74474027201563
464.77387428362806
464.78336381326494
464.7916795346585
464.81888143894605
464.8222963653842
464.8353947107329
464.8395762421365
464.8483218099682
464.8700889966811
464.90714466814785
464.9178284840293
464.9250246331801
464.93055827148265
464.94103264686083
464.9463815400054
464.95268287166084
464.95491235651934
464.9749873567346
464.98782050499534
465.0083815379812
465.0327153289629
465.0331111424875
465.04059810104826
465.0409087763313
465.0726566316715
465.0872118147117
465.09430448394284
465.10976362256446
465.14162537757335
465.14338285429716
465.14983120352855
465.1640301517201
465.1700943771218
465.1867886151244
465.2120949832991
465.21899039571434
465.2274201238149
465.24956185030146
465.2543659097935
465.2588976311206
465.2688736828427
465.2830812848214
465.3286566595841
465.3352348866119
465.33795481887194
465.35320500869227
465.3817316140902
465.38356418867477
465.39123865467246
465.4033832418065
465.4045690755135
465.4535112355826
465.4682073671467
465.4875910226199
465.5088494967569
465.5158889776498
465.52080190538584
465.523987258425
465.5426242601022
465.5629804284853
465.57024264619594
465.5717478814285
465.57482529209534
465.59803646243796
465.6479426294557
465.65974146339244
465.6625258758553
465.6629750770029
465.6947123037509
465.7080298913052
465.7366615472332
465.7483265874
465.7608553259573
465.7653175159819
465.7818412492686
465.7987901670418
465.8088391790911
465.81966109060113
465.83507381422623
465.84058623199843
465.8741703529354
465.87742387771704
465.8817295263369
465.89475964233156
465.91345262393486
465.91942937520935
465.9337868385987
465.95413166531614
465.983901726156
465.99477391182876
465.9949796596326
466.01493879313824
466.0248479247499
466.0473095326019
466.05918562915303
466.08982679938504
466.08988054434803
466.0943113526148
466.10200252558036
466.1025913983395
466.10990418660293
466.12232012653203
466.14044060754617
466.1467614659004
466.162969352808
466.1894663542748
466.2110286594684
466.2196879486354
466.2270031270881
466.24884586645527
466.25418634747024
466.2615663922101
466.2767724099777
466.2845315751139
466.3042669105138
466.3352579895986
466.3386803922764
466.345685976916
466.35285680895396
466.37159001088554
466.3780960058191
466.3968812319371
466.40206355212786
466.4045368788668
466.41079472196895
466.42026968223325
466.42703051282496
466.4599199367361
466.4712538406453
466.4824373864727
466.4852866504716
466.4933979367251
466.49956439025584
466.51385354295104
466.5226797674781
466.54084958559037
466.55836202321166
466.5699119502144
466.60405551481284
466.615563585548
466.62274770326525
466.63548523044074
466.6380128711175
466.6731551121799
466.6984883871489
466.7111036234978
466.71386262371686
466.7229187265148
466.72972253399
466.74413711689704
466.80552411491783
466.8103443957986
466.81067529699226
466.8527051838978
466.8646082727399
466.865181749348
466.8767471110562
466.8785333950433
466.888014033253
466.9199388589439
466.9233569399682
466.93636542782724
466.93654536635677
466.937210245708
466.9745989934092
466.9772277101603
466.99481967610603
466.9959025455937
466.99976340477946
467.01574114279083
467.036742726722
467.0492385513483
467.0509295877012
467.0580995013496
467.05865251104376
467.0701081966333
467.11800528784573
467.12485444764036
467.1347968532101
467.1478656158876
467.170358354122
467.1946335920974
467.2075715123305
467.2191142213125
467.2199605483923
467.2412112438864
467.26013677767537
467.2878400001549
467.307688401329
467.3101035751372
467.31583832325765
467.323593601871
467.3426952004125
467.3440020078312
467.38593487602793
467.39129947586275
467.3956853552204
467.39851423281635
467.4246593864638
467.43080505162345
467.4361668226698
467.4657232322695
467.4691278208108
467.4710480657328
467.4927692982084
467.5042964526225
467.52638608652967
467.5333368164417
467.54755557266395
467.5553093776199
467.56619125700377
467.5700631123789
467.58631684279345
467.5892488194214
467.61844872993515
467.6583906125437
467.6603339252937
467.67236519895016
467.68636904607825
467.6885539945412
467.6983378463726
467.720198499712
467.72715747232377
467.73018909450985
467.73688013857327
467.75579509006354
467.76115034250535
467.7733413403215
467.8165043566447
467.8252664579822
467.8270172638366
467.83239497944703
467.8744545558354
467.882303869335
467.9079832338419
467.9155941491286
467.9344945183312
467.94014565509707
467.95901723656334
467.96415621623674
467.9705883842686
467.97720447206154
468.0129495610248
468.0215604407165
468.02683081223597
468.06548926216385
468.06966805884935
468.08219186464214
468.09028872232244
468.1213865840175
468.1264493267677
468.12985436458996
468.13032669403526
468.14113411579126
468.14227421094074
468.1494585697722
468.1700876002217
468.21392504498425
468.23316956788045
468.24565451385394
468.2611537839298
468.2646336223416
468.27653060359773
468.2985366262945
468.3030119028032
468.31587743396994
468.33085982126363
468.3510608162065
468.3528443103413
468.4031824240319
468.40735141544377
468.41140563637595
468.4131915718557
468.4169732210372
468.43934343071476
468.4664258950042
468.47771101584664
468.49074637329136
468.4966808250526
468.51077609841536
468.52378370154645
468.5364022604068
468.5531591771429
468.55460526268934
468.56414070229306
468.5856891092221
468.6137646025621
468.6240062585017
468.6494852096425
468.6660856735106
468.66927991268614
468.689895726047
468.7188819034153
468.71900411571244
468.73368954165977
468.74486730569623
468.75794033904117
468.7768004070391
468.79405948638106
468.7967509698205
468.7970215619674
468.81525607326324
468.8303193737433
468.8576418511001
468.8680384200094
468.8693522605455
468.88729878665055
468.9027182416113
468.9057055527846
468.92208928714007
468.9459097429366
468.95834471375485
468.95877144018203
468.95990733783674
468.99477034321745
469.0201330809784
469.02126151892526
469.02306316048254
469.033174188878
469.0341491219861
469.0826055612307
469.0877395640951
469.0893642113747
469.0953449673247
469.1046212986428
469.1212857132852
469.1420268670327
469.1804887228165
469.19281470255584
469.20431031548105
469.20807661303695
469.2135807905877
469.2232829482326
469.2275911688256
469.242949592457
469.2443407863793
469.29380993941635
469.3029469462522
469.32681842850394
469.33225878698437
469.34505092471846
469.3452582343796
469.38024161295965
469.3876483497918
469.41475106668787
469.45955283757576
469.46154751433176
469.4782825402473
469.4835754228884
469.4874980251587
469.49645582347824
469.52718818908033
469.553146014168
469.56333566062375
469.56559016717927
469.57049448914853
469.59337912363003
469.60788732585064
469.63391096116334
469.63515898841604
469.65740461726807
469.66468243494177
469.66885073084137
469.688162036976
469.6882111502171
469.70524143198753
469.70616667029225
469.7224331709164
469.7256096024765
469.74181184189194
469.7919952071656
469.79520396075895
469.80376611148336
469.84276817123157
469.84700492239443
469.87803089537795
469.878511330794
469.9032497501926
469.91425702491944
469.9265237680337
469.962119423511
469.9720165048536
469.9990874782211
470.00502485777974
470.01532864199635
470.034506235481
470.04925333603336
470.0508133426009
470.0619245781592
470.07342813125274
470.0960303076887
470.10215615550817
470.11220601954375
470.1245790036272
470.1277408543401
470.1279455051546
470.12855912629715
470.1894891858238
470.2066351033129
470.2189784158956
470.2209162894047
470.22641228307145
470.22998083150424
470.25732939387814
470.2994483694729
470.30286095548945
470.313079288822
470.3240533631469
470.3338273415613
470.3419489075517
470.3456799723363
470.3831727347134
470.3918287111182
470.3956930980084
470.4156579884496
470.4209660868299
470.43336984072323
470.4424076130691
470.4578287247617
470.49036617370984
470.5046129006298
470.54437446652145
470.54587369349156
470.5551995927114
470.57324668641303
470.59441593755963
470.60611221359267
470.6381639351016
470.64220334914137
470.68340564011936
470.69348471142035
470.69433555344744
470.69688370082423
470.70318828617764
470.71582286540104
470.7438451075774
470.75753989955115
470.7749977876458
470.78184869116035
470.79089135138213
470.79422026311477
470.8075599271722
470.8247371745252
470.8597687923693
470.8753804555298
470.87913935061795
470.9082933397855
470.9340031994474
470.9353418637662
470.94128508984073
470.9471453813828
470.96253505516813
470.974662518745
470.9798250372122
470.98478411312266
470.98521511650534
471.00231553329263
471.02394394180476
471.0354604866475
471.05487129093024
471.0667369872463
471.1091371246502
471.1194527184962
471.1233533634061
471.1553076243026
471.1631177004181
471.1696562398461
471.17461254057054
471.19943409352504
471.2025893805976
471.2037326363379
471.21275493345416
471.24152103321165
471.26149652539834
471.2722232548147
471.2845435073123
471.2868012098546
471.3001017039813
471.31611677542764
471.3184646822406
471.34619721428544
471.36221966914167
471.3717619452572
471.38378567667775
471.3849149208564
471.3883695569935
471.38871142031155
471.39319549239303
471.4201048573622
471.46758877199795
471.4689513764434
471.47635689290826
471.51454177562414
471.51477542544524
471.5375390507117
471.5413519687568
471.55407595474225
471.5661221132335
471.5812287928138
471.58854162534885
471.60698377066154
471.6484167182967
471.65713665379343
471.66401405362734
471.71779154247196
471.72127125551617
471.7278250303317
471.7405500400022
471.7607065389201
471.76955785196157
471.7970568670975
471.80564738107705
471.80925762744425
471.8301961453543
471.8321358069786
471.85631006447
471.87033162877793
471.87395577594305
471.8758586949572
471.9036789028198
471.9301974983507
471.93051621925673
471.9376619746175
471.97364160470414
471.98413945338115
472.0021631324787
472.01874351141925
472.0353947565846
472.05117599465194
472.0542307993091
472.0908700667241
472.1018827927966
472.10236227040343
472.11374149203664
472.12339565064326
472.17494757841655
472.1797044283253
472.20242997442125
472.2057949960668
472.22328217166046
472.2248406506077
472.23581339169664
472.25710039179813
472.28909372495536
472.30912633254707
472.32355006023363
472.33317400962665
472.33863770346017
472.35543591149593
472.3629541806853
472.3910152533589
472.4026682435961
472.4190621744126
472.4360572395636
472.44607742573993
472.4490949447803
472.47353475731444
472.48246076688235
472.4841537316876
472.4917490987387
472.49842251715796
472.511037468963
472.54103504287093
472.56020433472133
472.56444925314037
472.5645705500684
472.5786341308433
472.58791529542185
472.6055123521
472.6502491153745
472.65185731325386
472.6568038007437
472.6765284744529
472.6777046244665
472.70705377828995
472.7096922509965
472.7295447081537
472.7400604078689
472.77922510155196
472.78660011302554
472.79347049531066
472.8050387867222
472.8110309635356
472.81722913802486
472.8671533227431
472.8916736610448
472.894837451956
472.9069533901389
472.90741271341716
472.91789255300904
472.92530698306575
472.9571157108444
472.9587763087764
472.9706000827204
472.9960369512399
472.99708205821037
473.03196267544513
473.03706976496284
473.0676005539724
473.07155056294397
473.0790011014031
473.0819651655814
473.0853041706218
473.10380172202366
473.10716392552666
473.15397855185165
473.1662390777982
473.1842779143497
473.2017576452405
473.2066340854536
473.2275479921329
473.2286263430911
473.2289252475581
473.2817953514351
473.2873324671196
473.2958392154814
473.2967800773734
473.33487954552027
473.3434045627288
473.34792446480304
473.35701286071446
473.367714211045
473.397413421324
473.3982789176321
473.40346651340474
473.41264476393764
473.4484197115223
473.4752744502403
473.5011264475603
473.50385448105567
473.5159669502757
473.5168991495604
473.52308541878176
473.5470825143035
473.55735412797145
473.5646052733799
473.5721382007889
473.586059108646
473.609170828251
473.6191817465669
473.62766618916567
473.6315461404838
473.6376426969802
473.6488073489658
473.6805755682931
473.69615209077347
473.7475656655299
473.7485430076535
473.7641049084335
473.7706208735398
473.77894895089696
473.78616924333085
473.7998262222731
473.80780582633594
473.85165366993505
473.8693436057147
473.90911049358766
473.9148948479695
473.92315455609264
473.92689471423535
473.94020094669764
473.9531663126964
473.95653891300935
473.98520378753153
473.9960161455469
474.02803044049585
474.0374639143732
474.0491779990633
474.05373366360277
474.0580133567817
474.0657269174206
474.10777513081894
474.1492742975904
474.15312259643787
474.1603254146993
474.1753512875015
474.19403176137547
474.19550226117644
474.2104105746562
474.2434603732263
474.2453920041047
474.25142998958967
474.2537808988768
474.2979117770815
474.29872472018656
474.3064221552191
474.31548135790996
474.3156734236282
474.33832477735774
474.34252860947487
474.35249548036506
474.3721768266228
474.3926175986796
474.4116671596781
474.42004046799923
474.4358908385915
474.4468413857278
474.4491269764238
474.4589201094974
474.4782524973363
474.50043726800857
474.53190514698525
474.56672435948155
474.56720639242207
474.575202052125
474.589214715032
474.597117005303
474.6332250501391
474.6347497022511
474.6614620371074
474.67384963736697
474.69487043426017
474.7048554586736
474.7067252028193
474.7381324246311
474.75398936915826
474.7580475163495
474.7728531520917
474.7804219379242
474.8030482450466
474.82341137732413
474.85208444725106
474.86049044097854
474.8632238616348
474.8802798043424
474.88788724202254
474.92375333024967
474.94185634646357
474.979113939231
474.98222732980025
474.9913813795443
474.9926911317799
474.99872702516075
475.0306585767139
475.05109881570803
475.0556655701448
475.0596738326248
475.09106386334753
475.11001960999255
475.1283738041174
475.1468083353345
475.1567421164805
475.1985578673092
475.19911786719587
475.2074422138877
475.21537040158637
475.21865896282975
475.23124517458496
475.24045794477905
475.25839917567345
475.27546019510686
475.28677771911435
475.3205478688632
475.3474264555144
475.36601352610535
475.3686117539493
475.3821358277958
475.38447099211197
475.3946038181271
475.4078775712941
475.41731757321236
475.44293411551405
475.45615889336455
475.4804833785184
475.4815217080323
475.48173063901567
475.4839316086459
475.51461898327653
475.52871917220995
475.53792750732214
475.5616040571919
475.60054529474183
475.6093590588113
475.61619327584793
475.63685716603834
475.67955450977036
475.6822940400647
475.6828271284606
475.69135779848546
475.7091901190785
475.718710710835
475.7358220380439
475.73795744378293
475.7541352307239
475.75532887896765
475.7791899139548
475.7959523965597
475.81156522737234
475.83028579569736
475.83831894929835
475.88982970499694
475.891474761562
475.8927298003701
475.9081275155715
475.90862308115936
475.9454015705355
475.9532008474035
475.96814249704045
475.969405395244
475.99711765341095
476.01574149507877
476.04523357572697
476.0494718687572
476.0538004476027
476.0649952896281
476.0666343378029
476.0677666220296
476.1077521614769
476.13650756185075
476.1502524670471
476.1988190673682
476.20578755256463
476.206427265512
476.22787179223025
476.24501846136747
476.2472282520965
476.27181107719997
476.28843302910497
476.315183053084
476.3600946558107
476.3723033430382
476.37490919106926
476.37873023985605
476.39554791909427
476.39992077620883
476.41510971511633
476.4261930972892
476.42687904106157
476.4442337470427
476.4700070300649
476.4830825264895
476.5031015450484
476.5258101570004
476.5408873997094
476.5778111482881
476.57967864250094
476.5923642795798
476.599864907021
476.601104579025
476.6442399773429
476.64683305522504
476.6489942319037
476.6553000204138
476.6686114761398
476.67965909964863
476.7069655324598
476.7243396928334
476.7441026750056
476.7512291998929
476.76899555981754
476.77086269256154
476.7879812631188
476.83632433541527
476.83818053154346
476.8562079932756
476.87506104981486
476.89090061477407
476.89480932957883
476.8989495015529
476.9051283755247
476.92868150363034
476.9386439319962
476.9457189099869
476.9608834931354
476.9735669776048
476.98729661082314
476.99581526368723
477.0189494629273
477.0195102876526
477.042600695946
477.04269701748143
477.0502330673853
477.0704257505089
477.10091573103927
477.1049251107916
477.18155902917806
477.18286710474484
477.1910598803508
477.1954183257152
477.20838767606347
477.22562354651075
477.26888639410686
477.2718663168665
477.2793442430058
477.33622553122285
477.38427289590936
477.3930459940049
477.4095659387207
477.4115224588222
477.4228348399697
477.4318621457026
477.4398823744206
477.4438295183912
477.44712624659087
477.50706689276024
477.51825599583384
477.5280024693289
477.5440398286614
477.55993360177416
477.5600529539225
477.5645592526771
477.5794998731651
477.60073393085406
477.639062155184
477.64226935550334
477.6439571623417
477.6467757345853
477.65677419976583
477.6707503727026
477.705387178517
477.71384533222636
477.714513018962
477.72892662350466
477.7525518870772
477.7556623047587
477.76446264787035
477.82557741264736
477.83767620691503
477.84582131836237
477.85918114339916
477.91391017885775
477.9285595889349
477.9287748804331
477.93497571798514
477.980130148762
477.9807492502901
477.9972338198425
478.0291586575927
478.04266166602366
478.06360165875003
478.0652050581624
478.06942820461984
478.0792638027533
478.10879276620557
478.1140752371656
478.14665639847686
478.15882594730533
478.1690198793252
478.1759736794146
478.1903315562027
478.199340064524
478.20604421357734
478.2246303787152
478.2262935565313
478.23432092786464
478.24182060457764
478.25298881577646
478.30996774107444
478.31381601394787
478.3429887975476
478.35701852542235
478.38170991959794
478.38513041799246
478.413496848145
478.41647744312263
478.4431484660176
478.4674887411677
478.47511794006607
478.49090076178067
478.5156775210032
478.51656672845996
478.53413525196584
478.56240181435834
478.56981582763973
478.5731296663172
478.5736525738697
478.59307930210656
478.641215304858
478.6605396481655
478.67029093214813
478.67527780818114
478.6835808016176
478.71553005265014
478.7373892581404
478.766518828832
478.7687017943108
478.7778932239114
478.7967360242486
478.81357244952716
478.8217288004284
478.8469897735827
478.8796919518882
478.8947644932462
478.901260505131
478.9314679529675
478.9396964224042
478.9456777131932
478.9617062716052
478.96583731115373
478.96878121399334
478.9945366494035
479.01318421972786
479.0143857457332
479.025015988349
479.04090037963385
479.0712827981979
479.0814600602671
479.09711230330805
479.11676107586834
479.1228791680076
479.1556510543803
479.16813199294444
479.1810379222449
479.2021427653607
479.2089262448706
479.2307253297792
479.24767859513753
479.27855504592526
479.2845526650418
479.31097100807796
479.3218445386635
479.337422246031
479.35384707300227
479.359875176343
479.3686036883425
479.3875226289001
479.42172363301273
479.4289179020682
479.43357046967486
479.45511532712976
479.4621204452832
479.4889618719601
479.49975599970753
479.51189790931505
479.53805794714737
479.5506850127851
479.5652165802895
479.5755786080447
479.579867465587
479.60767343771846
479.61460926823173
479.6187076551293
479.64323314258024
479.6607148410913
479.6737326024813
479.70605146841785
479.75408612885747
479.7726983199847
479.77439175874684
479.77442449985256
479.7799186874221
479.822701572763
479.8392260775165
479.846309375172
479.85543753822367
479.88702623284684
479.9054348980277
479.910669982136
479.9158365152047
479.9432987772386
479.94819366639564
479.96668841308804
479.9744861715363
479.98092442160146
479.9933795770374
480.01021414469864
480.0309072597339
480.0353906064176
480.06035490817226
480.1016127230465
480.1028821557007
480.1203004998895
480.1514671633392
480.15548512212354
480.18119600154336
480.20741711330544
480.2094113819719
480.214353890834
480.24720487307894
480.25608345950496
480.25929637981545
480.2918825936911
480.3085588117738
480.35253265024784
480.35452962202675
480.41006022702595
480.41054416596614
480.43352992484523
480.4449389743587
480.4527510429974
480.45782295326984
480.4714107735012
480.48860461623934
480.49762518916714
480.51554283105844
480.52705592362094
480.58235056981215
480.5984945224964
480.6297661722495
480.66339886339426
480.6702164363763
480.6733516050172
480.7038825362563
480.7060375541399
480.70780115316524
480.72776703375104
480.76988863376283
480.80553267572344
480.82737310315474
480.8464330644631
480.851367979875
480.85983074653234
480.86420778848066
480.86665624830545
480.9029537436737
480.92526977610027
480.9302492564997
480.9373946180507
480.9661812442845
480.9900058022454
480.9937316967248
481.0388878315129
481.0655089509366
481.067328399049
481.0752829108988
481.09861662759613
481.11287185382554
481.12747817747805
481.16096514322857
481.1680328158156
481.17594102162917
481.20171300707494
481.2182069595116
481.25343684690154
481.2587741450061
481.28174324099587
481.29740367699446
481.2985326203177
481.31608964344645
481.33417042146766
481.34541666979396
481.36636466162713
481.37072348868185
481.4059418485341
481.4264859639963
481.44694092876733
481.4641337283552
481.4740496167549
481.50232257412284
481.50598930688363
481.51582711772215
481.5395686249949
481.5580542272341
481.5608177026255
481.59662555736065
481.62271513906006
481.6354313861575
481.6426172404024
481.655579279774
481.68042689687223
481.7189516955884
481.72075291672064
481.7407939583419
481.74302310586154
481.74650056609596
481.7579489915485
481.7774577145546
481.7816312773699
481.8077465295042
481.83201285727824
481.83806947466127
481.8979575228863
481.93995502675546
481.9526440021886
481.9634842773912
481.97794384679787
481.97920144736014
481.98028020079573
482.00283126241806
482.01294799757886
482.0265146425415
482.0391839393049
482.070725689223
482.0806207853314
482.1097926018447
482.1119442908709
482.13038779628783
482.1324049599812
482.16937978986476
482.19870879124187
482.2048376848817
482.20964885925616
482.2156556096269
482.2652417797218
482.2777328128389
482.32585751972954
482.3313637920497
482.3350976492081
482.3373335221096
482.35006479851603
482.4019863688098
482.42624917154325
482.4263430062127
482.46309566821014
482.4676535367636
482.48489969725125
482.50084882597304
482.51591881616866
482.5182245830142
482.5336548798364
482.5381938900572
482.56931027638313
482.5908076850741
482.5930830106549
482.6140141515296
482.6224263104707
482.69005921220247
482.7170082979581
482.73075064982146
482.74714297633494
482.7504782694348
482.7530561164386
482.7587210500882
482.7633287513931
482.82646250591534
482.83130209335985
482.8467929298156
482.8681743829259
482.8682320469839
482.88416783032113
482.9253766833029
482.94725698439817
482.9629112420093
482.97333380187825
482.98437965741584
483.0007442393037
483.02268206291575
483.0229291350559
483.03300042075904
483.0850501234304
483.0882939952079
483.10110252204186
483.10426516243365
483.1394789484404
483.143571307801
483.18355650049915
483.2011916357319
483.2261347461285
483.2513622927042
483.2800985048111
483.2849185707976
483.3183823801281
483.3283212411624
483.33084243971376
483.3656632033053
483.38368804696535
483.385080145352
483.4121692716592
483.44378915253634
483.46634682349605
483.5056826245348
483.5075031598595
483.5278912821805
483.5595574433748
483.5597702906117
483.5785774289037
483.5810952986454
483.59198686934076
483.60098539351014
483.6063984699187
483.6236781499067
483.6699128600769
483.6750725129982
483.7607517186102
483.76923375602223
483.7727599745085
483.7780751569575
483.78378873419445
483.8108712079448
483.82689288327606
483.83652287224044
483.85220426453463
483.87963941777883
483.88611869976285
483.91161729248716
483.93436919217146
483.9600525210128
483.96209411071044
483.9875028312704
483.99945426312325
484.0178247450353
484.01915694200795
484.1046957841801
484.1123622790739
484.12546729093515
484.12917561076216
484.14111142866864
484.1518082333484
484.16058308402484
484.1961022991163
484.2003302748546
484.2293223190396
484.24939084678016
484.2779464246993
484.27954125728456
484.29262098293754
484.33388121096704
484.3581393398428
484.3675940299736
484.37976202133
484.3944169926402
484.4202687339686
484.425909045223
484.45482350580636
484.4907392599407
484.49771833198696
484.4998561302492
484.52109529364185
484.53954952331554
484.5556495615971
484.56371693958727
484.5722554667991
484.5809684995964
484.610768942189
484.61551844408615
484.6308399930663
484.66627368962014
484.72385675335846
484.7454691766325
484.75734390073785
484.7619069728066
484.7767567820846
484.80645578197215
484.8247355205333
484.8308205984763
484.845466503288
484.84760405645625
484.91025696740604
484.9228291826146
484.93661626133564
484.94408646951575
484.97458855349004
485.02816265456363
485.06026132280107
485.07006215643213
485.08513056538965
485.09574417133956
485.11535578547927
485.13502390242166
485.189218851692
485.19038179850907
485.1991261492134
485.21219727854316
485.215377691948
485.2203236010753
485.236674707642
485.24402292020136
485.248745225818
485.3115675323985
485.3707672563255
485.38971273943895
485.39167160115477
485.4138672167352
485.4350495514018
485.4459776930997
485.4496403408938
485.4804726352736
485.48706219184004
485.50334900710885
485.5300690418371
485.5313802103816
485.54025070965406
485.54169310930405
485.5537541943654
485.5932063463388
485.6371396758689
485.6841899870488
485.69754483088167
485.7265398008956
485.7594123506995
485.8082453606999
485.8161487151586
485.8370826799074
485.8599225629639
485.8651792051465
485.8769262000678
485.92046941881705
485.94009619648466
485.94094631777773
485.9489317471161
486.0031012258079
486.0327499423087
486.0360594595401
486.05798493516403
486.06346720015483
486.06422029881907
486.131585211328
486.1566531134493
486.1585457251621
486.174557418301
486.19436981516156
486.1956461940119
486.2271937313587
486.24097867754506
486.27106996569114
486.28737662677713
486.30788993592824
486.34704932567155
486.3783818012867
486.3850989897492
486.4061626913074
486.41051444899455
486.4340764156934
486.44928008748116
486.5306062759579
486.53901484534964
486.5663153776026
486.59684971702666
486.6041264080115
486.60948118094115
486.6175266873937
486.6278475390787
486.6448862427399
486.6629434977202
486.67635401316755
486.6891585818231
486.69374482464605
486.7590003386418
486.7619855174079
486.7761254918273
486.8047473728699
486.81184843769256
486.8129046076327
486.8143044055825
486.82720982767376
486.8497349061573
486.856829197429
486.87547060175217
486.882472350346
486.9486082062552
487.0002960353769
487.0054937343181
487.0151462504094
487.02753234322296
487.0277283548225
487.03659828088047
487.14915127147776
487.1702654206047
487.1811692432816
487.1827639454064
487.1879483549632
487.20425011736006
487.2571308948334
487.25985319035556
487.2840012763488
487.3128823353966
487.32732727421967
487.3412794306388
487.3450764744244
487.38658593423077
487.40152761014855
487.41028769766626
487.44652897114423
487.4560300546276
487.4620526715773
487.49203204669357
487.5180626841864
487.53858680277784
487.5826136882331
487.5882333333733
487.62248089308514
487.6284615500592
487.6645513480474
487.6826019540177
487.68792485993964
487.7375090780871
487.7424816937372
487.7702660176264
487.7894002000126
487.80311914336465
487.82793180936176
487.83510030343353
487.8570084261561
487.8724063759621
487.8749394160623
487.9117155964628
487.9513686047324
487.97044797615297
487.972477834844
487.9834368963086
488.0066982891259
488.030567480643
488.0997661183672
488.119965869427
488.1440989341526
488.14760509784634
488.1818094965448
488.2422997203929
488.2458348470038
488.2588486123714
488.2713517569938
488.29970583656353
488.32491181012375
488.3494434559915
488.40182500434196
488.4117370445945
488.4347632410406
488.47131799301053
488.49883345689403
488.50902684439797
488.55366438597406
488.55478231796894
488.5552302377153
488.60483947843323
488.6251808193938
488.6282618166022
488.6612188370516
488.66265347298975
488.683286032037
488.74065037221646
488.7432822403639
488.75793481575136
488.8099500413329
488.82116793859
488.8340791912144
488.8525584692838
488.8632222111557
488.8932732015051
488.9195634786717
488.93904985755177
488.9464556747357
488.9940547932877
489.0331512810463
489.03403991699656
489.03474589425184
489.0429316171764
489.0551019525969
489.1490973820594
489.1596008208238
489.19162490179565
489.21395357552683
489.21909187216073
489.219126654083
489.25359370615274
489.3047888542209
489.3066586454845
489.31806467360667
489.3524102931016
489.38214623561214
489.400715584433
489.42933591149404
489.4521454420833
489.4558365433353
489.46686347523337
489.4877800191861
489.5012264967103
489.5684734182676
489.59719123499536
489.6283712383041
489.6328724593754
489.6653117789471
489.67435976674983
489.71277021693066
489.74240310175514
489.76940426913205
489.7761010078869
489.84217946529515
489.85286023424516
489.8773795164828
489.8843278426503
489.8962988934665
489.91916958698516
489.9349254760316
489.94134004653495
489.96117773932747
490.00205619194026
490.0902696252346
490.11758864314106
490.12432683387465
490.13920666430135
490.1438197432517
490.18251197311923
490.1945219060845
490.20148168543557
490.22634757846623
490.2859218496678
490.30721965344173
490.32985704072183
490.34765149402597
490.3544357579433
490.3667979876791
490.37701199255554
490.37975553175556
490.4268320372708
490.48325601839076
490.5019944382684
490.522083732988
490.5358872490571
490.56978591336775
490.6002755421254
490.615298797847
490.61707741629823
490.63517450978225
490.70470896187334
490.73007086810935
490.7960872465189
490.80473648397225
490.8136106111099
490.8599885767871
490.8991167566106
490.91958701182165
490.930069539318
490.9305774290307
491.0444351969909
491.04965018871656
491.0657023294826
491.06834594244145
491.10164323368775
491.1085207388153
491.1987655856877
491.19935991662805
491.21065497097527
491.24202462486403
491.2482191549185
491.2687295548266
491.303823570879
491.3112051201883
491.364664103708
491.378482795638
491.4624526721037
491.46712605647207
491.48533643431375
491.50516971258054
491.5754484298398
491.6237021605306
491.62925829274974
491.65404970494853
491.7058009038854
491.7089670742512
491.709054140306
491.7284043840423
491.7644019969734
491.78465421574623
491.8526474274658
491.8820809095814
491.89631914274185
491.9502769247661
491.95496317339064
492.00395444152633
492.02114655615435
492.02774972161023
492.0740248244033
492.07962313255086
492.1300506560739
492.1546033523201
492.1632808882729
492.1745526093314
492.18182728139624
492.21405169402533
492.32749974874565
492.3296070363951
492.3380965141289
492.39689431281613
492.40788730726604
492.4213976597538
492.4717992599252
492.47407272750837
492.5072719612177
492.5271487758239
492.58517673799463
492.58817643004465
492.6555542175916
492.66982907569326
492.6878438679851
492.6998764036042
492.7176437129173
492.7555971834797
492.7806445005941
492.79398726885677
492.84011350305457
492.84114468637
492.8597334330547
492.8698018587433
492.9058192246969
492.9155806119274
492.9773775761675
492.9814244423277
493.0733377896928
493.0819092059682
493.09639271409617
493.13793239221667
493.1522873272923
493.19496275794813
493.22555650434435
493.29902919472335
493.30311972764105
493.3051730518329
493.31494309723803
493.3499431827239
493.38941757150087
493.43205054409526
493.4900503528608
493.52333037580166
493.5260530382912
493.5423963375884
493.6562150530445
493.6843687419101
493.6852921525379
493.7819264727558
493.8049831653278
493.80896273201455
493.82159035547204
493.8793079542186
493.9308371153938
493.93539664872344
494.04810575514506
494.0672820044823
494.077842720112
494.0898405506732
494.09522877097163
494.15289132479035
494.2281462339742
494.25322291601657
494.2699766479042
494.3008669242195
494.3263010062613
494.3658681040784
494.4234914276332
494.43835920085604
494.45052972913146
494.4890794731962
494.522464233479
494.52790219537445
494.64080492056786
494.68769238829185
494.69979663695756
494.72101851396206
494.74792630952754
494.80956938830667
494.87350008669443
494.89462700817546
494.929197448905
494.94188960566106
494.998399235849
495.0274979034929
495.05588537109054
495.05972401964146
495.06381483260316
495.10388430547727
495.1944297918584
495.19919144969606
495.2222828856815
495.3872648631682
495.4221124074012
495.4564886225863
495.49215873273573
495.5288073818886
495.5641815687829
495.58910720096236
495.6135943890361
495.6150525539463
495.6522026732453
495.70063445996584
495.7732830480273
495.8018804136299
495.8684587902018
495.88386413417254
495.93711019951706
495.9653013274112
496.01378503353715
496.01677545184384
496.0567472140684
496.13589062910955
496.13923954570515
496.15999332253494
496.1851300888535
496.23326181645285
496.2537269329903
496.2586990421469
496.3461004533637
496.35577154463084
496.38002392240367
496.469490139954
496.52317833098317
496.5296842020824
496.66977334883677
496.67737854109726
496.7725183960792
496.8143297291137
496.88484643227366
496.95826478104397
496.991370966437
497.01159521995174
497.07219091188136
497.07663535986995
497.1170695973621
497.14148328679283
497.2280651265837
497.2584778474662
497.30401302493885
497.38404150840114
497.41004399175114
497.49940820498324
497.51427226013544
497.5260048762712
497.53496311928257
497.59716311604376
497.6517198179931
497.73217797884826
497.82906963391156
497.84793185667763
497.9094271223852
497.9227223135765
497.9801360074587
498.1074758100597
498.1994520122711
498.3136272005694
498.359576242373
498.3604465836792
498.3758598413533
498.4297395466671
498.43284238609857
498.46488229964046
498.54394502933184
498.73031781752945
498.74284505505585
498.8374628551176
498.9106249155592
498.9204153780351
499.02767388176915
499.0545681487999
499.1319455806413
499.20711841778444
499.349777954413
499.3850998648215
499.40351201613106
499.4142346869172
499.52454003093663
499.65733193691125
499.66757831364566
499.79114823550213
499.8783220848122
499.89554837438845
499.9740240022415
500.00487421549053
500.13003425267766
500.1714180017229
500.39387054067765
500.4887361464687
500.6060449655028
500.6489154638905
500.7266358775315
500.81592398408617
500.9370978445828
500.95586566280264
500.97481495062465
500.9843535923598
501.110973837243
501.14523904214764
501.14749552346655
501.2620668254109
501.4483102367372
501.54759610537604
501.5948347161127
501.8060286395868
502.1262367922513
502.2339750935369
502.24912021498966
502.45845680860197
502.48632803737877
502.8565946319268
502.89055732320054
502.96008481829284
502.9944641226092
503.19040753651166
503.23480517336685
503.53759509518653
503.6022689564704
503.66120534282527
504.04784092341714
504.1760879466079
504.2052328410518
504.73704932301337
504.8823414496006
505.0661625194425
505.07738664867526
505.33613431177787
505.80857328826244
505.950363607491
506.6205053499664
506.8824271950039
507.50834177658413
507.6655945110316
507.854253657148
508.0291471484052
508.2887006301899
509.13110426870685
509.65225785162465
509.6523981664576
510.0976789654345
510.26983870807504
511.04266348573526
512.1985029000286
513.0543459051792
514.2811861274697
514.7821906339439
